"League"	"LID"	"CID"	"Club"	"Season"	"MostHomeGoals"	"MostAwayGoals"	"LargestMarginofVictory"	"LargestMarginofDefeat"	"LongestWinningStreak"	"LongestUnbeatenStreak"	"LongestLosingStreak"	"LongestWinlessStreak"	"LargestAttendance"	"LowestAttendance"	"AverageAttendance"	"AggregatedAttendance"
"1"	"La_Liga"	15	3788	"Sporting_Gijon"	2008	3	3	3	6	4	4	6	8	31000	7000	21491	386841
"2"	"La_Liga"	15	3788	"Sporting_Gijon"	2009	4	3	3	3	2	7	4	10	26000	15000	20131	382500
"3"	"La_Liga"	15	3788	"Sporting_Gijon"	2010	2	4	4	4	3	5	4	10	30000	16000	20605	391500
"4"	"La_Liga"	15	3788	"Sporting_Gijon"	2011	3	3	3	4	2	5	4	7	25000	15156	20718	393656
"5"	"La_Liga"	15	3788	"Sporting_Gijon"	2015	5	3	4	6	2	3	5	8	28140	19536	23220	441192
"6"	"La_Liga"	15	3788	"Sporting_Gijon"	2016	3	2	2	5	2	3	5	10	25899	15365	22692	431152
"7"	"La_Liga"	15	83	"Barcelona"	2000	7	6	7	4	6	12	2	2	NA	NA	NA	NA
"8"	"La_Liga"	15	83	"Barcelona"	2001	5	6	6	2	3	6	2	3	1e+05	37500	60562	908440
"9"	"La_Liga"	15	83	"Barcelona"	2002	6	4	5	3	4	7	3	5	98000	42866	66202	1191636
"10"	"La_Liga"	15	83	"Barcelona"	2003	5	3	5	4	9	18	2	4	96000	47863	71487	1358265
"11"	"La_Liga"	15	83	"Barcelona"	2004	4	4	4	3	5	11	1	2	98000	50000	68499	753497
"12"	"La_Liga"	15	83	"Barcelona"	2005	5	4	5	2	14	18	2	2	NA	NA	NA	NA
"13"	"La_Liga"	15	83	"Barcelona"	2006	4	6	6	2	3	7	1	3	NA	NA	NA	NA
"14"	"La_Liga"	15	83	"Barcelona"	2007	6	5	6	3	4	8	2	5	80000	57000	67428	472000
"15"	"La_Liga"	15	83	"Barcelona"	2008	6	6	6	1	10	21	2	3	95000	46000	74433	1414232
"16"	"La_Liga"	15	83	"Barcelona"	2009	6	5	5	1	7	21	1	1	98772	30000	79546	1511391
"17"	"La_Liga"	15	83	"Barcelona"	2010	5	8	8	2	16	31	1	1	98000	62000	80153	1522913
"18"	"La_Liga"	15	83	"Barcelona"	2011	8	7	8	1	11	12	1	1	99252	65000	84645	1608264
"19"	"La_Liga"	15	83	"Barcelona"	2012	6	5	5	1	12	19	1	1	96589	56055	73660	1399556
"20"	"La_Liga"	15	83	"Barcelona"	2013	7	5	7	2	8	14	1	1	98761	56355	73739	1401052
"21"	"La_Liga"	15	83	"Barcelona"	2014	6	8	8	2	6	13	2	2	98760	60005	77632	1475013
"22"	"La_Liga"	15	83	"Barcelona"	2015	6	8	8	3	12	22	3	4	98902	65531	78250	1486763
"23"	"La_Liga"	15	83	"Barcelona"	2016	7	6	6	2	7	19	1	1	98485	56605	77903	1480172
"24"	"La_Liga"	15	86	"Real_Madrid"	2000	5	4	4	2	8	12	2	2	NA	NA	NA	NA
"25"	"La_Liga"	15	86	"Real_Madrid"	2001	7	3	7	3	5	8	2	4	77000	45000	66983	1272681
"26"	"La_Liga"	15	86	"Real_Madrid"	2002	5	5	4	4	6	16	1	2	78000	50000	67789	1288000
"27"	"La_Liga"	15	86	"Real_Madrid"	2003	7	4	5	3	5	7	5	5	90000	35000	68277	1229000
"28"	"La_Liga"	15	86	"Real_Madrid"	2004	6	3	5	3	7	10	2	2	80000	50000	67000	804008
"29"	"La_Liga"	15	86	"Real_Madrid"	2005	4	3	4	3	6	11	2	2	NA	NA	NA	NA
"30"	"La_Liga"	15	86	"Real_Madrid"	2006	4	4	3	3	6	8	2	2	NA	NA	NA	NA
"31"	"La_Liga"	15	86	"Real_Madrid"	2007	7	5	7	2	8	10	2	2	80300	60000	73162	585300
"32"	"La_Liga"	15	86	"Real_Madrid"	2008	7	5	6	4	10	18	5	5	80000	50000	73157	1390000
"33"	"La_Liga"	15	86	"Real_Madrid"	2009	6	5	6	2	12	12	1	1	83000	50000	70947	1348000
"34"	"La_Liga"	15	86	"Real_Madrid"	2010	8	6	7	5	7	12	1	1	80000	50000	70736	1344000
"35"	"La_Liga"	15	86	"Real_Madrid"	2011	7	6	6	2	10	23	1	1	82000	60000	74827	1346900
"36"	"La_Liga"	15	86	"Real_Madrid"	2012	6	5	5	1	6	16	1	2	84000	55000	68640	1304169
"37"	"La_Liga"	15	86	"Real_Madrid"	2013	7	5	5	2	5	18	2	3	85454	60174	72524	1377974
"38"	"La_Liga"	15	86	"Real_Madrid"	2014	9	8	8	4	12	12	2	2	85253	63634	72553	1378515
"39"	"La_Liga"	15	86	"Real_Madrid"	2015	10	6	8	4	12	12	2	2	80148	60907	67697	1286253
"40"	"La_Liga"	15	86	"Real_Madrid"	2016	5	6	5	1	6	16	1	1	81044	61568	68857	1308296
"41"	"La_Liga"	15	3747	"Granada"	2011	4	3	3	4	2	3	3	8	25000	13000	18000	180000
"42"	"La_Liga"	15	3747	"Granada"	2012	3	3	3	5	2	5	3	8	23000	9916	20312	385940
"43"	"La_Liga"	15	3747	"Granada"	2013	4	3	4	4	2	3	3	5	30000	10000	16454	312635
"44"	"La_Liga"	15	3747	"Granada"	2014	2	3	3	8	3	4	4	15	28848	14338	18118	344247
"45"	"La_Liga"	15	3747	"Granada"	2015	5	4	4	4	2	2	4	9	20552	12711	15861	301361
"46"	"La_Liga"	15	3747	"Granada"	2016	4	2	3	6	1	1	8	13	19161	10706	14968	284406
"47"	"La_Liga"	15	1068	"Atletico_Madrid"	2002	3	4	4	4	2	6	3	9	57000	35000	47789	908000
"48"	"La_Liga"	15	1068	"Atletico_Madrid"	2003	4	4	4	4	3	6	3	4	55000	25000	45666	822000
"49"	"La_Liga"	15	1068	"Atletico_Madrid"	2004	4	2	4	3	2	4	2	6	55000	35000	45127	406149
"50"	"La_Liga"	15	1068	"Atletico_Madrid"	2005	5	3	5	3	6	6	2	10	NA	NA	NA	NA
"51"	"La_Liga"	15	1068	"Atletico_Madrid"	2006	3	4	3	6	2	5	2	3	NA	NA	NA	NA
"52"	"La_Liga"	15	1068	"Atletico_Madrid"	2007	6	3	4	3	3	5	2	2	55000	30000	40428	283000
"53"	"La_Liga"	15	1068	"Atletico_Madrid"	2008	4	5	4	5	6	9	3	5	57500	15000	41657	791500
"54"	"La_Liga"	15	1068	"Atletico_Madrid"	2009	4	4	4	3	3	4	3	5	57000	15000	37789	718000
"55"	"La_Liga"	15	1068	"Atletico_Madrid"	2010	4	4	4	3	2	5	4	4	55000	30000	44684	849000
"56"	"La_Liga"	15	1068	"Atletico_Madrid"	2011	4	4	4	5	3	6	2	5	54000	25000	45236	859500
"57"	"La_Liga"	15	1068	"Atletico_Madrid"	2012	6	4	6	3	8	9	1	2	54000	33000	46631	886000
"58"	"La_Liga"	15	1068	"Atletico_Madrid"	2013	7	4	7	3	9	13	1	1	54600	30000	45914	872382
"59"	"La_Liga"	15	1068	"Atletico_Madrid"	2014	4	4	4	2	4	11	1	3	54069	37000	46829	889755
"60"	"La_Liga"	15	1068	"Atletico_Madrid"	2015	5	3	4	1	6	9	1	2	53079	29737	43471	825962
"61"	"La_Liga"	15	1068	"Atletico_Madrid"	2016	7	5	6	3	5	9	2	2	53741	30323	44674	848824
"62"	"La_Liga"	15	97	"Osasuna"	2000	3	3	2	2	2	2	4	10	NA	NA	NA	NA
"63"	"La_Liga"	15	97	"Osasuna"	2001	4	2	4	4	3	7	3	9	19500	15000	16805	302500
"64"	"La_Liga"	15	97	"Osasuna"	2002	4	3	2	4	3	6	3	8	19000	13000	15714	298572
"65"	"La_Liga"	15	97	"Osasuna"	2003	3	3	3	2	2	8	6	6	19500	13000	15290	259930
"66"	"La_Liga"	15	97	"Osasuna"	2004	4	3	3	5	3	5	3	12	16000	13500	14888	134000
"67"	"La_Liga"	15	97	"Osasuna"	2005	3	4	2	4	3	9	3	4	NA	NA	NA	NA
"68"	"La_Liga"	15	97	"Osasuna"	2006	5	5	5	3	5	5	3	7	NA	NA	NA	NA
"69"	"La_Liga"	15	97	"Osasuna"	2007	4	3	3	3	1	3	4	4	40000	15000	20728	145100
"70"	"La_Liga"	15	97	"Osasuna"	2008	5	4	3	3	3	5	4	11	35000	15000	19286	366452
"71"	"La_Liga"	15	97	"Osasuna"	2009	3	2	3	3	4	4	3	7	28000	15000	18010	342200
"72"	"La_Liga"	15	97	"Osasuna"	2010	4	4	4	3	3	4	4	8	22000	11500	17000	323000
"73"	"La_Liga"	15	97	"Osasuna"	2011	3	4	3	8	2	6	2	5	21000	15000	17183	326493
"74"	"La_Liga"	15	97	"Osasuna"	2012	4	3	4	4	2	4	3	5	21000	12873	16524	313961
"75"	"La_Liga"	15	97	"Osasuna"	2013	3	2	3	7	2	4	5	5	19398	9000	14994	284887
"76"	"La_Liga"	15	97	"Osasuna"	2016	3	3	1	6	2	2	6	21	17770	11332	14797	281157
"77"	"La_Liga"	15	17534	"Leganes"	2016	4	2	4	4	NA	NA	NA	NA	10958	8392	9627	182920
"78"	"La_Liga"	15	243	"Sevilla"	2001	4	4	4	2	4	6	1	7	45000	20000	31300	594700
"79"	"La_Liga"	15	243	"Sevilla"	2002	3	3	3	3	3	5	3	6	45000	14000	31592	600250
"80"	"La_Liga"	15	243	"Sevilla"	2003	5	4	4	4	3	5	3	5	46000	20000	34766	660568
"81"	"La_Liga"	15	243	"Sevilla"	2004	3	3	3	4	3	6	2	5	46000	32500	40131	441450
"82"	"La_Liga"	15	243	"Sevilla"	2005	4	4	4	5	5	8	2	4	NA	NA	NA	NA
"83"	"La_Liga"	15	243	"Sevilla"	2006	4	4	4	2	3	7	2	3	NA	NA	NA	NA
"84"	"La_Liga"	15	243	"Sevilla"	2007	5	4	5	3	4	5	4	4	42000	20000	33000	231000
"85"	"La_Liga"	15	243	"Sevilla"	2008	4	4	4	4	4	7	4	4	54000	35000	41157	782000
"86"	"La_Liga"	15	243	"Sevilla"	2009	4	5	4	4	5	7	4	6	50000	20000	39026	741500
"87"	"La_Liga"	15	243	"Sevilla"	2010	4	4	3	5	2	3	5	5	44000	25000	36000	684000
"88"	"La_Liga"	15	243	"Sevilla"	2011	5	3	3	4	3	7	3	8	45000	28000	35342	671500
"89"	"La_Liga"	15	243	"Sevilla"	2012	5	3	4	4	2	5	2	5	42000	19000	31536	599200
"90"	"La_Liga"	15	243	"Sevilla"	2013	4	3	4	4	6	7	3	5	40150	25800	31538	599233
"91"	"La_Liga"	15	243	"Sevilla"	2014	5	4	4	4	5	10	2	3	40355	20000	30997	588959
"92"	"La_Liga"	15	243	"Sevilla"	2015	5	2	5	4	2	6	3	5	40395	21931	33998	645966
"93"	"La_Liga"	15	243	"Sevilla"	2016	6	4	5	3	5	5	1	5	40835	26100	32825	623684
"94"	"La_Liga"	15	90	"Deportivo_La_Coruña"	2001	5	3	5	3	3	11	2	3	35000	17000	28947	550000
"95"	"La_Liga"	15	90	"Deportivo_La_Coruña"	2002	6	4	6	3	5	10	2	2	35500	2800	27266	490800
"96"	"La_Liga"	15	90	"Deportivo_La_Coruña"	2003	5	5	5	3	4	7	3	4	29000	17000	25144	477753
"97"	"La_Liga"	15	90	"Deportivo_La_Coruña"	2004	4	2	3	4	2	6	3	5	29500	22000	24766	297200
"98"	"La_Liga"	15	90	"Deportivo_La_Coruña"	2005	3	3	3	4	3	4	2	6	NA	NA	NA	NA
"99"	"La_Liga"	15	90	"Deportivo_La_Coruña"	2006	3	3	2	4	2	8	3	9	NA	NA	NA	NA
"100"	"La_Liga"	15	90	"Deportivo_La_Coruña"	2007	3	3	3	3	5	5	3	4	34000	12000	24137	193100
"101"	"La_Liga"	15	90	"Deportivo_La_Coruña"	2008	5	3	3	5	3	6	3	4	32000	12000	21184	402500
"102"	"La_Liga"	15	90	"Deportivo_La_Coruña"	2009	3	3	3	4	4	4	4	11	32000	9000	21240	403568
"103"	"La_Liga"	15	90	"Deportivo_La_Coruña"	2010	3	2	3	5	2	5	3	8	34000	12000	22473	427000
"104"	"La_Liga"	15	90	"Deportivo_La_Coruña"	2012	4	4	4	6	4	4	6	9	36000	25000	30416	577911
"105"	"La_Liga"	15	90	"Deportivo_La_Coruña"	2014	3	2	3	6	2	3	4	12	30334	14167	20602	391453
"106"	"La_Liga"	15	90	"Deportivo_La_Coruña"	2015	3	3	3	8	2	7	3	13	29666	16185	23060	438151
"107"	"La_Liga"	15	90	"Deportivo_La_Coruña"	2016	5	3	4	4	1	4	4	7	30810	18466	22353	424708
"108"	"La_Liga"	15	102	"Villarreal"	2000	4	5	4	2	4	4	2	5	NA	NA	NA	NA
"109"	"La_Liga"	15	102	"Villarreal"	2001	5	2	3	3	2	3	3	8	23000	7000	16376	278400
"110"	"La_Liga"	15	102	"Villarreal"	2002	6	2	6	5	2	3	2	4	23000	10000	16755	301600
"111"	"La_Liga"	15	102	"Villarreal"	2003	6	3	3	3	2	5	3	4	21000	9000	15842	301000
"112"	"La_Liga"	15	102	"Villarreal"	2004	4	4	4	2	5	10	3	6	22000	15000	17909	197000
"113"	"La_Liga"	15	102	"Villarreal"	2005	4	3	4	2	2	9	2	4	NA	NA	NA	NA
"114"	"La_Liga"	15	102	"Villarreal"	2006	3	4	3	4	8	8	3	4	NA	NA	NA	NA
"115"	"La_Liga"	15	102	"Villarreal"	2007	4	4	3	5	6	9	2	3	22500	19500	21000	147000
"116"	"La_Liga"	15	102	"Villarreal"	2008	4	4	3	3	5	10	3	4	25000	10000	18456	350668
"117"	"La_Liga"	15	102	"Villarreal"	2009	5	3	5	4	3	4	3	7	24000	12000	16053	305023
"118"	"La_Liga"	15	102	"Villarreal"	2010	4	3	4	5	5	9	2	4	21500	15000	18605	353500
"119"	"La_Liga"	15	102	"Villarreal"	2011	3	3	3	5	2	5	3	6	22000	11000	18000	342000
"120"	"La_Liga"	15	102	"Villarreal"	2013	5	5	4	2	3	6	2	4	25500	13000	17642	335199
"121"	"La_Liga"	15	102	"Villarreal"	2014	4	3	4	4	5	10	2	8	23000	7500	17204	326892
"122"	"La_Liga"	15	102	"Villarreal"	2015	3	3	3	3	6	13	2	3	23450	12843	16818	319555
"123"	"La_Liga"	15	102	"Villarreal"	2016	5	4	5	3	3	9	2	3	22110	14757	17545	333356
"124"	"La_Liga"	15	244	"Real_Betis"	2001	4	3	3	3	4	11	2	6	55000	21000	39411	748825
"125"	"La_Liga"	15	244	"Real_Betis"	2002	4	4	3	4	3	4	3	6	52500	12000	35805	644500
"126"	"La_Liga"	15	244	"Real_Betis"	2003	3	4	4	2	4	7	3	8	45000	17000	32750	589500
"127"	"La_Liga"	15	244	"Real_Betis"	2004	4	4	4	3	3	11	2	4	50000	24000	35307	459000
"128"	"La_Liga"	15	244	"Real_Betis"	2005	3	3	3	5	3	5	3	9	NA	NA	NA	NA
"129"	"La_Liga"	15	244	"Real_Betis"	2006	3	2	3	5	2	8	3	12	NA	NA	NA	NA
"130"	"La_Liga"	15	244	"Real_Betis"	2007	4	3	4	3	3	3	3	5	50000	30000	42714	299000
"131"	"La_Liga"	15	244	"Real_Betis"	2008	3	4	3	5	3	7	4	6	55000	20000	39943	758935
"132"	"La_Liga"	15	244	"Real_Betis"	2011	4	3	2	4	3	6	6	10	50000	35000	41131	781500
"133"	"La_Liga"	15	244	"Real_Betis"	2012	4	5	4	4	2	4	2	5	52000	23806	36568	694796
"134"	"La_Liga"	15	244	"Real_Betis"	2013	4	3	2	5	1	2	6	14	48500	10000	29792	566060
"135"	"La_Liga"	15	244	"Real_Betis"	2015	2	3	3	5	2	6	3	9	46061	24879	36142	686700
"136"	"La_Liga"	15	244	"Real_Betis"	2016	3	3	2	5	2	2	3	6	41263	22270	31841	604993
"137"	"La_Liga"	15	89	"Real_Sociedad"	2000	4	4	3	6	1	2	3	7	NA	NA	NA	NA
"138"	"La_Liga"	15	89	"Real_Sociedad"	2001	6	3	6	4	3	3	3	8	31000	18000	24361	462860
"139"	"La_Liga"	15	89	"Real_Sociedad"	2002	5	3	5	3	4	19	1	3	31500	21600	26787	482170
"140"	"La_Liga"	15	89	"Real_Sociedad"	2003	3	5	3	4	5	5	3	10	29316	20000	25371	456690
"141"	"La_Liga"	15	89	"Real_Sociedad"	2004	3	5	4	4	2	6	5	5	26000	15500	21196	233166
"142"	"La_Liga"	15	89	"Real_Sociedad"	2005	3	2	3	5	3	4	4	7	NA	NA	NA	NA
"143"	"La_Liga"	15	89	"Real_Sociedad"	2006	3	3	2	2	2	3	5	14	NA	NA	NA	NA
"144"	"La_Liga"	15	89	"Real_Sociedad"	2010	3	4	4	5	3	3	5	7	32000	15000	25289	480500
"145"	"La_Liga"	15	89	"Real_Sociedad"	2011	5	3	4	4	2	7	3	7	32076	17000	24866	472470
"146"	"La_Liga"	15	89	"Real_Sociedad"	2012	4	5	4	4	2	15	2	4	32000	15000	23316	443018
"147"	"La_Liga"	15	89	"Real_Sociedad"	2013	5	3	5	4	5	5	2	7	32076	10492	23796	452126
"148"	"La_Liga"	15	89	"Real_Sociedad"	2014	4	4	3	4	3	3	2	8	28748	14836	21372	406084
"149"	"La_Liga"	15	89	"Real_Sociedad"	2015	3	5	5	4	4	4	2	5	27484	12755	20340	386478
"150"	"La_Liga"	15	89	"Real_Sociedad"	2016	4	3	3	4	4	4	2	4	27653	10927	21234	382217
"151"	"La_Liga"	15	98	"Las_Palmas"	2000	3	3	3	4	3	3	3	5	NA	NA	NA	NA
"152"	"La_Liga"	15	98	"Las_Palmas"	2001	4	3	3	7	1	6	3	8	23000	14500	17844	285519
"153"	"La_Liga"	15	98	"Las_Palmas"	2015	4	3	4	4	3	3	3	5	28414	15775	21210	402991
"154"	"La_Liga"	15	98	"Las_Palmas"	2016	5	4	4	5	2	2	5	7	27843	16007	20409	387780
"155"	"La_Liga"	15	85	"Celta_Vigo"	2000	3	4	3	3	4	10	3	9	NA	NA	NA	NA
"156"	"La_Liga"	15	85	"Celta_Vigo"	2001	4	6	5	3	4	10	2	6	30000	16000	22684	431000
"157"	"La_Liga"	15	85	"Celta_Vigo"	2002	4	3	3	6	3	5	3	4	27000	15000	17833	321000
"158"	"La_Liga"	15	85	"Celta_Vigo"	2003	3	4	4	5	2	4	4	6	30000	10000	19666	354000
"159"	"La_Liga"	15	85	"Celta_Vigo"	2005	4	3	4	3	3	3	3	3	NA	NA	NA	NA
"160"	"La_Liga"	15	85	"Celta_Vigo"	2006	3	3	1	3	3	3	5	11	NA	NA	NA	NA
"161"	"La_Liga"	15	85	"Celta_Vigo"	2012	3	2	2	3	2	2	3	6	31000	14913	21086	400634
"162"	"La_Liga"	15	85	"Celta_Vigo"	2013	4	5	5	3	4	5	4	7	29600	7000	19845	377061
"163"	"La_Liga"	15	85	"Celta_Vigo"	2014	6	2	5	3	2	6	6	10	25077	13200	19031	361596
"164"	"La_Liga"	15	85	"Celta_Vigo"	2015	4	3	3	6	2	8	3	4	24519	13584	18022	342426
"165"	"La_Liga"	15	85	"Celta_Vigo"	2016	4	3	3	5	3	4	6	6	21024	11526	16649	316340
"166"	"La_Liga"	15	93	"Athletic_Bilbao"	2000	4	2	4	7	2	2	1	4	NA	NA	NA	NA
"167"	"La_Liga"	15	93	"Athletic_Bilbao"	2001	3	3	2	5	2	11	3	6	40000	28000	33722	607000
"168"	"La_Liga"	15	93	"Athletic_Bilbao"	2002	4	5	4	4	2	11	3	4	42000	20000	34823	592000
"169"	"La_Liga"	15	93	"Athletic_Bilbao"	2003	4	3	4	3	3	7	2	4	41000	25000	32941	560000
"170"	"La_Liga"	15	93	"Athletic_Bilbao"	2004	4	3	4	2	3	10	3	4	39000	30000	33461	435000
"171"	"La_Liga"	15	93	"Athletic_Bilbao"	2005	3	3	3	3	3	4	4	11	NA	NA	NA	NA
"172"	"La_Liga"	15	93	"Athletic_Bilbao"	2006	4	4	2	3	2	4	3	7	NA	NA	NA	NA
"173"	"La_Liga"	15	93	"Athletic_Bilbao"	2007	5	3	4	3	3	6	2	4	40000	30500	36214	253500
"174"	"La_Liga"	15	93	"Athletic_Bilbao"	2008	3	3	3	4	2	7	5	7	40000	15000	34263	651000
"175"	"La_Liga"	15	93	"Athletic_Bilbao"	2009	4	4	3	4	3	4	2	6	40000	24500	33473	636000
"176"	"La_Liga"	15	93	"Athletic_Bilbao"	2010	3	3	3	4	4	5	4	4	40000	26000	35815	680500
"177"	"La_Liga"	15	93	"Athletic_Bilbao"	2011	3	3	3	3	2	14	3	5	39500	32000	37638	677500
"178"	"La_Liga"	15	93	"Athletic_Bilbao"	2012	3	3	3	4	2	5	3	4	40000	29200	36826	699700
"179"	"La_Liga"	15	93	"Athletic_Bilbao"	2013	6	5	5	2	3	5	1	3	47000	20000	31701	602330
"180"	"La_Liga"	15	93	"Athletic_Bilbao"	2014	4	3	4	5	5	7	4	6	52600	28000	40080	761534
"181"	"La_Liga"	15	93	"Athletic_Bilbao"	2015	5	3	3	6	4	6	2	3	47785	37552	41968	797392
"182"	"La_Liga"	15	93	"Athletic_Bilbao"	2016	5	3	4	3	4	5	2	3	49164	33438	41073	780393
"183"	"La_Liga"	15	94	"Valencia"	2000	5	2	4	2	3	8	5	5	NA	NA	NA	NA
"184"	"La_Liga"	15	94	"Valencia"	2001	4	3	4	2	4	11	2	5	53500	40000	46718	747500
"185"	"La_Liga"	15	94	"Valencia"	2002	5	4	4	3	3	7	2	5	53500	30000	46289	879500
"186"	"La_Liga"	15	94	"Valencia"	2003	5	6	5	1	6	10	2	3	53000	35000	45335	770700
"187"	"La_Liga"	15	94	"Valencia"	2004	3	5	4	2	4	8	2	6	52000	4000	38583	463000
"188"	"La_Liga"	15	94	"Valencia"	2005	5	3	4	2	5	13	1	6	NA	NA	NA	NA
"189"	"La_Liga"	15	94	"Valencia"	2006	4	2	4	3	6	6	3	6	NA	NA	NA	NA
"190"	"La_Liga"	15	94	"Valencia"	2007	3	5	4	6	5	5	4	9	52000	20000	39750	318000
"191"	"La_Liga"	15	94	"Valencia"	2008	4	3	4	4	5	7	2	5	55000	7000	36736	698000
"192"	"La_Liga"	15	94	"Valencia"	2009	4	4	3	3	4	9	1	3	55000	30000	40842	776000
"193"	"La_Liga"	15	94	"Valencia"	2010	5	4	5	4	5	11	2	4	55000	28000	41599	790395
"194"	"La_Liga"	15	94	"Valencia"	2011	4	3	4	4	3	6	2	2	50000	29500	42116	800211
"195"	"La_Liga"	15	94	"Valencia"	2012	5	4	4	5	4	5	2	3	53000	3000	35800	680200
"196"	"La_Liga"	15	94	"Valencia"	2013	5	3	5	3	3	6	3	4	45000	25860	34009	646174
"197"	"La_Liga"	15	94	"Valencia"	2014	4	4	4	3	4	10	2	3	51200	37500	43843	833022
"198"	"La_Liga"	15	94	"Valencia"	2015	4	5	4	3	3	3	4	12	47217	27876	37399	710595
"199"	"La_Liga"	15	94	"Valencia"	2016	4	3	3	4	3	3	4	7	46804	23121	33919	644477
"200"	"La_Liga"	15	88	"Espanyol"	2000	5	3	5	2	3	7	4	4	NA	NA	NA	NA
"201"	"La_Liga"	15	88	"Espanyol"	2001	3	2	2	4	2	8	3	4	47900	6000	21869	393650
"202"	"La_Liga"	15	88	"Espanyol"	2002	3	4	3	3	2	12	4	5	51100	12400	25847	439400
"203"	"La_Liga"	15	88	"Espanyol"	2003	3	5	4	4	2	3	6	8	51700	9950	24011	432200
"204"	"La_Liga"	15	88	"Espanyol"	2004	4	4	3	4	3	4	2	4	39500	15150	23160	277924
"205"	"La_Liga"	15	88	"Espanyol"	2005	5	2	5	5	2	3	3	7	NA	NA	NA	NA
"206"	"La_Liga"	15	88	"Espanyol"	2006	3	3	2	4	3	10	2	4	NA	NA	NA	NA
"207"	"La_Liga"	15	88	"Espanyol"	2007	3	3	3	4	4	14	4	10	30000	9004	20256	162052
"208"	"La_Liga"	15	88	"Espanyol"	2008	3	3	3	4	4	6	4	14	48000	10000	24272	461175
"209"	"La_Liga"	15	88	"Espanyol"	2009	3	3	3	4	2	5	5	7	45000	15000	26062	469130
"210"	"La_Liga"	15	88	"Espanyol"	2010	4	3	4	4	3	5	4	5	39000	17000	27736	527000
"211"	"La_Liga"	15	88	"Espanyol"	2011	5	3	4	5	3	6	4	5	36000	16627	26483	476707
"212"	"La_Liga"	15	88	"Espanyol"	2012	3	4	4	4	3	6	3	6	30023	15923	21369	406012
"213"	"La_Liga"	15	88	"Espanyol"	2013	4	4	3	3	2	5	3	8	31666	12650	20559	390636
"214"	"La_Liga"	15	88	"Espanyol"	2014	3	3	3	4	2	5	2	5	30253	12600	18720	355682
"215"	"La_Liga"	15	88	"Espanyol"	2015	4	4	2	6	2	3	3	8	27395	12461	18507	351635
"216"	"La_Liga"	15	88	"Espanyol"	2016	4	4	3	3	3	9	2	4	31082	14813	20170	383247
"217"	"La_Liga"	15	3752	"Eibar"	2014	5	3	3	4	2	2	8	11	6065	4008	4815	91492
"218"	"La_Liga"	15	3752	"Eibar"	2015	5	4	4	4	4	4	4	8	5941	4215	5203	98866
"219"	"La_Liga"	15	3752	"Eibar"	2016	4	4	4	4	3	5	3	4	6740	3576	5322	101126
"220"	"La_Liga"	15	96	"Alaves"	2000	4	3	4	2	2	5	4	4	NA	NA	NA	NA
"221"	"La_Liga"	15	96	"Alaves"	2001	3	3	2	4	2	3	4	4	16583	11000	13583	258094
"222"	"La_Liga"	15	96	"Alaves"	2002	3	3	3	6	1	4	4	9	19000	6656	14872	282578
"223"	"La_Liga"	15	96	"Alaves"	2005	3	2	2	3	1	3	3	6	NA	NA	NA	NA
"224"	"La_Liga"	15	96	"Alaves"	2016	3	4	3	6	3	6	3	4	19840	13265	16464	312818
"225"	"La_Liga"	15	99	"Malaga"	2000	3	3	3	3	3	3	3	5	NA	NA	NA	NA
"226"	"La_Liga"	15	99	"Malaga"	2001	3	2	2	4	2	6	2	5	30000	7000	16941	288000
"227"	"La_Liga"	15	99	"Malaga"	2002	4	3	4	4	3	5	4	6	34500	11000	21278	361728
"228"	"La_Liga"	15	99	"Malaga"	2003	5	2	4	5	3	5	6	6	23000	8000	19388	349000
"229"	"La_Liga"	15	99	"Malaga"	2004	4	6	5	4	4	5	5	8	32000	18000	23461	305000
"230"	"La_Liga"	15	99	"Malaga"	2005	5	4	5	5	1	3	5	16	NA	NA	NA	NA
"231"	"La_Liga"	15	99	"Malaga"	2008	4	4	4	6	4	5	2	4	31000	12000	22905	435213
"232"	"La_Liga"	15	99	"Malaga"	2009	3	3	3	2	2	9	4	10	27000	12000	21166	381000
"233"	"La_Liga"	15	99	"Malaga"	2010	4	5	3	7	5	6	4	6	32000	15000	24078	457500
"234"	"La_Liga"	15	99	"Malaga"	2011	5	3	4	4	3	6	3	6	30000	18000	26210	498000
"235"	"La_Liga"	15	99	"Malaga"	2012	4	3	4	4	3	6	2	4	29900	20000	26389	501400
"236"	"La_Liga"	15	99	"Malaga"	2013	5	2	5	5	2	4	3	4	30377	12532	22694	431195
"237"	"La_Liga"	15	99	"Malaga"	2014	4	2	4	3	5	5	2	8	29025	16134	22441	426385
"238"	"La_Liga"	15	99	"Malaga"	2015	4	3	3	3	4	6	3	5	28290	13909	21104	400992
"239"	"La_Liga"	15	99	"Malaga"	2016	4	2	4	3	4	4	4	8	28486	12996	22089	419704
"240"	"Serie_A"	12	111	"Juventus"	2000	4	4	4	3	5	12	1	2	NA	NA	NA	NA
"241"	"Serie_A"	12	111	"Juventus"	2001	5	4	5	2	6	16	1	2	60000	20000	38823	621177
"242"	"Serie_A"	12	111	"Juventus"	2002	5	4	5	2	6	11	2	4	57393	19823	40253	684308
"243"	"Serie_A"	12	111	"Juventus"	2003	5	3	4	4	4	10	2	3	53883	20000	34873	592848
"244"	"Serie_A"	12	111	"Juventus"	2004	5	3	3	1	5	11	2	2	54181	19338	26883	510783
"245"	"Serie_A"	12	111	"Juventus"	2005	4	4	4	2	9	29	1	1	56488	24693	30836	493382
"246"	"Serie_A"	12	111	"Juventus"	2007	5	4	5	2	4	14	1	3	25638	20588	22059	132356
"247"	"Serie_A"	12	111	"Juventus"	2008	4	4	4	1	5	7	2	4	25000	10500	21329	383930
"248"	"Serie_A"	12	111	"Juventus"	2009	5	5	4	3	4	4	3	3	25779	18750	22906	435218
"249"	"Serie_A"	12	111	"Juventus"	2010	4	4	4	3	3	12	3	3	26389	17953	21914	416376
"250"	"Serie_A"	12	111	"Juventus"	2011	4	5	5	NA	8	38	0	0	41000	18000	32610	554385
"251"	"Serie_A"	12	111	"Juventus"	2012	4	6	5	2	9	11	1	2	41000	36109	38703	735364
"252"	"Serie_A"	12	111	"Juventus"	2013	4	4	4	2	12	22	1	1	38979	36862	38134	457609
"253"	"Serie_A"	12	111	"Juventus"	2014	7	3	7	1	6	20	1	1	40485	36027	38532	732119
"254"	"Serie_A"	12	111	"Juventus"	2015	5	4	5	1	15	26	2	2	41305	28899	38444	730447
"255"	"Serie_A"	12	111	"Juventus"	2016	4	3	4	2	7	14	1	3	41570	38144	39500	750509
"256"	"Serie_A"	12	104	"AS_Roma"	2000	3	4	4	2	7	9	1	2	NA	NA	NA	NA
"257"	"Serie_A"	12	104	"AS_Roma"	2001	5	5	5	2	4	25	1	3	70000	50000	59529	1012000
"258"	"Serie_A"	12	104	"AS_Roma"	2002	4	3	3	3	3	6	3	5	75000	50000	55352	941000
"259"	"Serie_A"	12	104	"AS_Roma"	2003	6	4	6	2	7	14	2	3	80000	3000	48744	828656
"260"	"Serie_A"	12	104	"AS_Roma"	2004	5	4	4	3	2	4	4	12	68000	33609	46346	880590
"261"	"Serie_A"	12	104	"AS_Roma"	2005	4	4	4	3	7	13	2	4	47700	15622	36133	542003
"262"	"Serie_A"	12	104	"AS_Roma"	2006	7	4	7	3	3	10	2	2	65000	33000	40532	243197
"263"	"Serie_A"	12	104	"AS_Roma"	2007	4	3	4	3	4	14	1	3	48447	31392	35840	286721
"264"	"Serie_A"	12	104	"AS_Roma"	2008	4	3	3	4	5	7	4	4	63000	28000	39282	746374
"265"	"Serie_A"	12	104	"AS_Roma"	2009	4	3	3	2	7	24	3	3	61898	27119	40657	772501
"266"	"Serie_A"	12	104	"AS_Roma"	2010	4	3	3	4	3	7	3	5	58083	20000	33623	638852
"267"	"Serie_A"	12	104	"AS_Roma"	2011	5	3	4	4	4	5	2	2	40000	13845	35240	563845
"268"	"Serie_A"	12	104	"AS_Roma"	2012	4	4	4	3	4	5	2	6	54981	30598	40441	727955
"269"	"Serie_A"	12	104	"AS_Roma"	2013	5	3	5	3	10	17	3	3	48000	25000	38990	545862
"270"	"Serie_A"	12	104	"AS_Roma"	2014	4	3	3	2	5	12	1	5	55651	33250	40135	762572
"271"	"Serie_A"	12	104	"AS_Roma"	2015	5	4	5	2	8	17	1	4	56040	25744	35170	668234
"272"	"Serie_A"	12	104	"AS_Roma"	2016	4	5	4	2	4	6	1	1	59716	23633	32637	620118
"273"	"Serie_A"	12	114	"Napoli"	2000	6	2	4	4	1	5	3	7	NA	NA	NA	NA
"274"	"Serie_A"	12	114	"Napoli"	2007	3	5	5	4	2	4	2	5	65000	40000	51217	409740
"275"	"Serie_A"	12	114	"Napoli"	2008	3	2	3	3	3	5	3	14	63000	12200	35510	674700
"276"	"Serie_A"	12	114	"Napoli"	2009	3	3	2	3	3	14	2	7	62000	16000	44055	793000
"277"	"Serie_A"	12	114	"Napoli"	2010	4	4	4	3	4	5	2	2	75000	22000	47210	897000
"278"	"Serie_A"	12	114	"Napoli"	2011	6	3	5	3	5	7	3	5	50000	40000	45789	870000
"279"	"Serie_A"	12	114	"Napoli"	2012	5	5	4	2	5	9	2	5	58143	26023	39692	754148
"280"	"Serie_A"	12	114	"Napoli"	2013	5	5	4	3	4	7	2	3	47609	10000	40101	521321
"281"	"Serie_A"	12	114	"Napoli"	2014	6	4	4	2	4	8	2	5	57510	18521	33969	645413
"282"	"Serie_A"	12	114	"Napoli"	2015	6	5	6	2	8	13	1	1	56452	18766	39772	755684
"283"	"Serie_A"	12	114	"Napoli"	2016	5	7	6	2	5	14	2	2	53085	15912	36605	695500
"284"	"Serie_A"	12	105	"Atalanta"	2000	3	4	3	2	3	7	3	4	NA	NA	NA	NA
"285"	"Serie_A"	12	105	"Atalanta"	2001	4	3	3	4	2	6	3	5	30000	13000	18312	293000
"286"	"Serie_A"	12	105	"Atalanta"	2002	2	3	2	3	2	7	4	6	25000	13000	18125	290000
"287"	"Serie_A"	12	105	"Atalanta"	2004	3	3	3	3	2	5	4	16	23000	10000	14473	275000
"288"	"Serie_A"	12	105	"Atalanta"	2006	5	3	4	2	2	4	2	8	25000	10000	13666	82000
"289"	"Serie_A"	12	105	"Atalanta"	2007	5	3	4	4	1	5	3	5	23000	9000	13108	104870
"290"	"Serie_A"	12	105	"Atalanta"	2008	4	3	3	3	3	3	3	5	24000	7503	11777	212003
"291"	"Serie_A"	12	105	"Atalanta"	2009	3	3	3	3	2	5	4	5	50000	9000	13500	256500
"292"	"Serie_A"	12	105	"Atalanta"	2011	4	3	3	2	3	8	3	3	26000	11604	16440	246604
"293"	"Serie_A"	12	105	"Atalanta"	2012	3	4	2	4	3	5	3	6	19799	10000	14667	249348
"294"	"Serie_A"	12	105	"Atalanta"	2013	3	3	3	4	6	7	3	6	20140	12074	14265	242511
"295"	"Serie_A"	12	105	"Atalanta"	2014	3	3	1	3	1	6	4	8	22074	11876	15161	288069
"296"	"Serie_A"	12	105	"Atalanta"	2015	3	2	3	3	2	5	4	14	19770	12352	15945	302959
"297"	"Serie_A"	12	105	"Atalanta"	2016	3	5	5	6	6	10	2	2	19656	13823	16945	321968
"298"	"Serie_A"	12	112	"Lazio"	2000	5	4	3	2	4	8	1	3	NA	NA	NA	NA
"299"	"Serie_A"	12	112	"Lazio"	2001	5	4	5	4	5	6	2	5	75000	30000	45941	781000
"300"	"Serie_A"	12	112	"Lazio"	2002	4	3	4	1	3	16	1	1	70000	30000	44176	751000
"301"	"Serie_A"	12	112	"Lazio"	2003	5	3	3	3	3	5	2	6	60000	40000	46000	782000
"302"	"Serie_A"	12	112	"Lazio"	2004	3	3	2	3	3	4	3	5	65000	25000	37861	719370
"303"	"Serie_A"	12	112	"Lazio"	2005	4	4	3	3	3	9	1	5	60000	5000	28863	461810
"304"	"Serie_A"	12	112	"Lazio"	2006	5	4	5	2	8	13	2	4	20000	12000	16250	65000
"305"	"Serie_A"	12	112	"Lazio"	2007	3	2	3	4	2	5	3	7	78000	10000	27750	222000
"306"	"Serie_A"	12	112	"Lazio"	2008	4	4	3	3	3	4	4	5	60000	17000	31947	607000
"307"	"Serie_A"	12	112	"Lazio"	2009	4	3	3	3	2	5	2	13	70000	10000	29277	527000
"308"	"Serie_A"	12	112	"Lazio"	2010	4	4	3	2	5	8	3	3	55000	15000	27842	529000
"309"	"Serie_A"	12	112	"Lazio"	2011	3	3	3	4	3	8	2	4	60000	18000	32444	584000
"310"	"Serie_A"	12	112	"Lazio"	2012	6	3	6	4	4	9	3	5	51461	20000	32691	523071
"311"	"Serie_A"	12	112	"Lazio"	2013	3	3	3	3	2	5	2	6	44018	20000	30797	461969
"312"	"Serie_A"	12	112	"Lazio"	2014	4	4	4	3	8	8	2	2	55000	24477	35104	666994
"313"	"Serie_A"	12	112	"Lazio"	2015	5	3	3	5	3	6	3	6	31108	13995	21338	405438
"314"	"Serie_A"	12	112	"Lazio"	2016	7	6	4	3	4	9	3	3	40000	10000	21952	417100
"315"	"Serie_A"	12	103	"AC_Milan"	2000	4	3	4	4	3	6	1	4	NA	NA	NA	NA
"316"	"Serie_A"	12	103	"AC_Milan"	2001	5	4	3	2	3	4	2	3	82000	50000	58993	1002881
"317"	"Serie_A"	12	103	"AC_Milan"	2002	6	4	6	2	2	8	2	2	85700	50000	64466	1031470
"318"	"Serie_A"	12	103	"AC_Milan"	2003	5	3	5	1	7	19	1	1	80000	45000	62692	1065769
"319"	"Serie_A"	12	103	"AC_Milan"	2004	6	4	6	1	8	16	2	4	79000	40000	62580	1189021
"320"	"Serie_A"	12	103	"AC_Milan"	2005	5	4	5	2	8	13	2	2	78000	5778	58525	819356
"321"	"Serie_A"	12	103	"AC_Milan"	2006	3	5	3	2	5	18	2	5	79000	40000	51800	259000
"322"	"Serie_A"	12	103	"AC_Milan"	2007	5	5	5	2	4	10	2	4	82000	40000	57000	513000
"323"	"Serie_A"	12	103	"AC_Milan"	2008	5	5	4	2	5	10	2	3	79057	49650	58722	1115722
"324"	"Serie_A"	12	103	"AC_Milan"	2009	5	3	4	4	5	10	2	3	78467	30000	43084	818597
"325"	"Serie_A"	12	103	"AC_Milan"	2010	4	3	4	2	5	11	1	2	80018	22640	53528	1017045
"326"	"Serie_A"	12	103	"AC_Milan"	2011	4	4	4	2	5	12	1	2	80000	35000	51442	925972
"327"	"Serie_A"	12	103	"AC_Milan"	2012	5	4	4	2	4	12	2	3	77023	28005	41245	742421
"328"	"Serie_A"	12	103	"AC_Milan"	2013	3	3	3	2	5	6	3	3	73855	31575	41307	702234
"329"	"Serie_A"	12	103	"AC_Milan"	2014	3	5	3	3	2	4	3	5	79173	24396	36660	696557
"330"	"Serie_A"	12	103	"AC_Milan"	2015	4	4	3	4	3	9	2	5	77043	25523	37823	718638
"331"	"Serie_A"	12	103	"AC_Milan"	2016	4	4	4	3	3	6	3	4	77882	26464	40294	765591
"332"	"Serie_A"	12	110	"Internazionale"	2000	3	3	3	3	3	3	1	3	NA	NA	NA	NA
"333"	"Serie_A"	12	110	"Internazionale"	2001	4	4	3	2	3	7	1	3	80000	40000	58961	943382
"334"	"Serie_A"	12	110	"Internazionale"	2002	4	4	4	3	4	8	1	3	76660	50000	62288	1058912
"335"	"Serie_A"	12	110	"Internazionale"	2003	6	3	6	3	6	8	4	5	75831	35000	55954	951231
"336"	"Serie_A"	12	110	"Internazionale"	2004	5	3	5	1	4	24	1	2	78471	40000	55124	1047357
"337"	"Serie_A"	12	110	"Internazionale"	2005	5	4	5	2	6	14	2	2	79000	38000	52497	682467
"338"	"Serie_A"	12	110	"Internazionale"	2006	4	5	3	2	10	32	1	3	45194	35000	40850	204251
"339"	"Serie_A"	12	110	"Internazionale"	2007	4	4	4	1	8	23	1	3	80000	45276	59054	413383
"340"	"Serie_A"	12	110	"Internazionale"	2008	4	4	4	2	8	12	1	3	80000	40000	55268	994835
"341"	"Serie_A"	12	110	"Internazionale"	2009	5	5	5	2	5	11	1	2	80000	20000	49125	884261
"342"	"Serie_A"	12	110	"Internazionale"	2010	5	3	4	3	4	6	2	4	78000	25000	50578	961000
"343"	"Serie_A"	12	110	"Internazionale"	2011	5	3	5	4	7	7	4	6	75000	15000	47913	718703
"344"	"Serie_A"	12	110	"Internazionale"	2012	3	3	3	3	7	7	3	5	79341	18805	44897	763250
"345"	"Serie_A"	12	110	"Internazionale"	2013	4	7	7	3	2	6	1	5	60336	38815	47229	425067
"346"	"Serie_A"	12	110	"Internazionale"	2014	7	4	7	3	3	7	2	5	74022	24589	37061	704171
"347"	"Serie_A"	12	110	"Internazionale"	2015	4	4	4	3	5	7	1	4	79154	31494	45538	865226
"348"	"Serie_A"	12	110	"Internazionale"	2016	7	5	6	3	7	7	4	8	78328	33788	47106	847920
"349"	"Serie_A"	12	109	"Fiorentina"	2000	4	3	4	3	3	6	3	7	NA	NA	NA	NA
"350"	"Serie_A"	12	109	"Fiorentina"	2001	3	2	2	3	1	1	7	10	30000	5000	16705	284000
"351"	"Serie_A"	12	109	"Fiorentina"	2004	4	2	4	6	2	5	4	10	46000	28000	33877	609799
"352"	"Serie_A"	12	109	"Fiorentina"	2005	5	4	3	2	4	6	2	2	44000	27840	32988	395864
"353"	"Serie_A"	12	109	"Fiorentina"	2006	5	2	4	2	4	11	2	2	41328	28445	32280	161401
"354"	"Serie_A"	12	109	"Fiorentina"	2007	5	3	4	2	4	11	2	4	36627	26291	29463	235704
"355"	"Serie_A"	12	109	"Fiorentina"	2008	4	4	3	3	4	5	3	3	41839	20000	29804	566290
"356"	"Serie_A"	12	109	"Fiorentina"	2009	4	5	4	3	2	3	3	7	38389	23176	27746	499434
"357"	"Serie_A"	12	109	"Fiorentina"	2010	5	4	3	2	2	4	2	3	34483	20129	23260	441953
"358"	"Serie_A"	12	109	"Fiorentina"	2011	3	3	3	5	2	4	3	5	40000	20040	23402	421249
"359"	"Serie_A"	12	109	"Fiorentina"	2012	4	5	4	2	5	7	2	4	39469	19395	25525	484980
"360"	"Serie_A"	12	109	"Fiorentina"	2013	4	5	3	2	3	5	2	4	38290	26000	30115	361387
"361"	"Serie_A"	12	109	"Fiorentina"	2014	4	4	4	4	5	8	4	4	38160	26376	30321	576101
"362"	"Serie_A"	12	109	"Fiorentina"	2015	4	4	3	3	5	6	2	6	36297	22791	28605	543497
"363"	"Serie_A"	12	109	"Fiorentina"	2016	5	5	4	4	3	6	2	3	34085	22049	26470	502936
"364"	"Serie_A"	12	239	"Torino"	2001	5	3	4	3	3	6	2	5	60000	12000	20000	320000
"365"	"Serie_A"	12	239	"Torino"	2002	2	2	1	6	1	1	4	16	45000	800	12631	202100
"366"	"Serie_A"	12	239	"Torino"	2006	2	3	3	4	3	5	6	8	23000	18000	20500	123000
"367"	"Serie_A"	12	239	"Torino"	2007	4	3	2	4	2	9	4	10	23000	16000	18659	149275
"368"	"Serie_A"	12	239	"Torino"	2008	3	3	3	4	1	6	4	7	50000	14000	22973	436500
"369"	"Serie_A"	12	239	"Torino"	2012	3	5	4	3	2	5	4	6	27000	10783	15215	289089
"370"	"Serie_A"	12	239	"Torino"	2013	4	3	3	2	3	6	4	8	21780	13271	16639	266231
"371"	"Serie_A"	12	239	"Torino"	2014	5	3	5	4	4	12	3	4	26296	10074	15674	297814
"372"	"Serie_A"	12	239	"Torino"	2015	4	5	4	3	3	4	3	6	25870	14327	19392	368451
"373"	"Serie_A"	12	239	"Torino"	2016	5	4	4	5	3	5	3	4	26426	14827	19300	366700
"374"	"Serie_A"	12	2734	"Sampdoria"	2003	3	3	2	3	2	8	3	7	38000	12500	27106	433706
"375"	"Serie_A"	12	2734	"Sampdoria"	2004	3	4	3	3	3	8	3	4	36000	20340	24823	471646
"376"	"Serie_A"	12	2734	"Sampdoria"	2005	4	4	3	2	3	5	6	14	35369	20000	23338	350074
"377"	"Serie_A"	12	2734	"Sampdoria"	2006	4	2	3	4	2	4	2	4	25000	18063	20612	103063
"378"	"Serie_A"	12	2734	"Sampdoria"	2007	3	3	3	5	3	7	2	5	27000	19000	22625	181000
"379"	"Serie_A"	12	2734	"Sampdoria"	2008	5	3	5	3	2	6	3	7	35000	20000	23026	437500
"380"	"Serie_A"	12	2734	"Sampdoria"	2009	4	3	3	4	5	8	2	6	35000	2300	23751	451285
"381"	"Serie_A"	12	2734	"Sampdoria"	2010	3	3	3	4	1	6	4	9	35000	20526	23577	447977
"382"	"Serie_A"	12	2734	"Sampdoria"	2012	6	3	6	3	3	6	7	10	30350	20897	22867	411614
"383"	"Serie_A"	12	2734	"Sampdoria"	2013	5	3	5	4	2	4	3	6	23000	20128	21621	281080
"384"	"Serie_A"	12	2734	"Sampdoria"	2014	3	4	3	4	4	6	1	6	30595	19346	21745	413166
"385"	"Serie_A"	12	2734	"Sampdoria"	2015	5	3	3	5	2	3	4	8	31375	20223	21969	417417
"386"	"Serie_A"	12	2734	"Sampdoria"	2016	3	3	2	4	3	7	4	8	29824	17526	19851	377183
"387"	"Serie_A"	12	2925	"Cagliari"	2004	4	3	3	4	2	5	2	12	22000	12000	15736	299000
"388"	"Serie_A"	12	2925	"Cagliari"	2005	4	3	3	4	1	6	3	12	20000	7000	12750	191259
"389"	"Serie_A"	12	2925	"Cagliari"	2006	3	3	2	2	2	12	3	7	20000	10000	15000	75000
"390"	"Serie_A"	12	2925	"Cagliari"	2007	3	2	3	4	2	2	6	13	22000	12000	16750	134000
"391"	"Serie_A"	12	2925	"Cagliari"	2008	5	4	4	4	4	6	5	5	22000	10000	13342	253500
"392"	"Serie_A"	12	2925	"Cagliari"	2009	3	3	3	3	4	4	3	13	32000	5000	13631	259000
"393"	"Serie_A"	12	2925	"Cagliari"	2010	5	3	4	4	2	2	4	6	23000	6000	11842	225000
"394"	"Serie_A"	12	2925	"Cagliari"	2011	4	3	3	3	2	3	3	6	12584	6000	9692	155084
"395"	"Serie_A"	12	2925	"Cagliari"	2012	4	4	2	3	4	7	6	9	16000	100	8205	139487
"396"	"Serie_A"	12	2925	"Cagliari"	2013	3	2	3	3	2	4	3	6	27500	4000	7099	120692
"397"	"Serie_A"	12	2925	"Cagliari"	2014	4	4	4	5	2	3	4	11	16074	5000	10895	207020
"398"	"Serie_A"	12	2925	"Cagliari"	2016	4	3	4	5	3	3	2	4	15874	6915	13021	247402
"399"	"Serie_A"	12	3997	"Sassuolo"	2013	4	4	2	7	2	3	7	7	17841	9929	13331	199979
"400"	"Serie_A"	12	3997	"Sassuolo"	2014	4	3	3	7	4	7	4	6	21584	10440	12819	243575
"401"	"Serie_A"	12	3997	"Sassuolo"	2015	3	3	2	2	4	5	2	5	20570	7810	11382	216275
"402"	"Serie_A"	12	3997	"Sassuolo"	2016	6	3	4	3	2	7	4	5	21584	9071	12361	234874
"403"	"Serie_A"	12	118	"Udinese"	2000	3	2	3	2	3	4	4	4	NA	NA	NA	NA
"404"	"Serie_A"	12	118	"Udinese"	2001	3	5	4	3	2	4	3	6	33000	7000	16117	274000
"405"	"Serie_A"	12	118	"Udinese"	2002	3	2	2	3	4	8	3	3	35000	9000	18941	322000
"406"	"Serie_A"	12	118	"Udinese"	2003	4	3	3	3	4	5	2	5	25000	12000	16529	281000
"407"	"Serie_A"	12	118	"Udinese"	2004	4	5	4	2	4	10	3	4	23000	13000	18736	356000
"408"	"Serie_A"	12	118	"Udinese"	2005	3	3	3	4	2	9	3	13	21780	15000	16611	116280
"409"	"Serie_A"	12	118	"Udinese"	2006	4	3	4	5	2	6	3	6	20000	13000	16300	81500
"410"	"Serie_A"	12	118	"Udinese"	2007	3	3	2	5	3	8	2	4	16500	12000	14562	116500
"411"	"Serie_A"	12	118	"Udinese"	2008	6	3	4	4	6	8	5	11	30000	13000	17536	333200
"412"	"Serie_A"	12	118	"Udinese"	2009	4	2	3	3	2	4	3	6	25000	13000	15430	277750
"413"	"Serie_A"	12	118	"Udinese"	2010	4	7	7	4	4	13	4	4	33000	8000	16230	292145
"414"	"Serie_A"	12	118	"Udinese"	2011	4	3	3	2	4	7	2	5	19000	13000	16625	266000
"415"	"Serie_A"	12	118	"Udinese"	2012	4	5	3	4	8	9	2	5	27543	6300	16577	298386
"416"	"Serie_A"	12	118	"Udinese"	2013	5	3	3	3	2	3	4	4	30000	9750	13797	206964
"417"	"Serie_A"	12	118	"Udinese"	2014	4	3	2	3	3	3	4	5	11241	7889	8936	169784
"418"	"Serie_A"	12	118	"Udinese"	2015	3	3	2	4	2	4	4	8	25467	12704	16209	307984
"419"	"Serie_A"	12	118	"Udinese"	2016	4	3	3	4	3	5	3	5	25952	13239	17448	331516
"420"	"Serie_A"	12	238	"Chievo_Verona"	2001	4	3	3	5	2	10	2	4	35000	6900	17816	285066
"421"	"Serie_A"	12	238	"Chievo_Verona"	2002	4	4	3	4	4	6	2	3	34544	7000	16483	247255
"422"	"Serie_A"	12	238	"Chievo_Verona"	2003	4	3	3	3	2	5	3	8	45000	9964	16868	286771
"423"	"Serie_A"	12	238	"Chievo_Verona"	2004	3	2	2	3	2	6	5	5	32500	6745	12244	232636
"424"	"Serie_A"	12	238	"Chievo_Verona"	2005	4	3	4	4	2	10	1	5	30000	4853	10440	156605
"425"	"Serie_A"	12	238	"Chievo_Verona"	2006	3	3	3	3	1	4	3	12	52530	5232	17274	86372
"426"	"Serie_A"	12	238	"Chievo_Verona"	2008	2	3	3	3	2	4	6	12	32000	9000	16089	305700
"427"	"Serie_A"	12	238	"Chievo_Verona"	2009	3	3	2	2	3	5	3	7	28000	8000	13026	247500
"428"	"Serie_A"	12	238	"Chievo_Verona"	2010	2	3	3	3	2	5	3	6	29000	8000	12982	233684
"429"	"Serie_A"	12	238	"Chievo_Verona"	2011	3	4	2	4	2	4	3	5	12000	6000	9937	159000
"430"	"Serie_A"	12	238	"Chievo_Verona"	2012	2	4	2	4	3	4	5	5	18000	6000	9105	173000
"431"	"Serie_A"	12	238	"Chievo_Verona"	2013	3	4	3	3	3	5	6	9	16000	5000	10800	162000
"432"	"Serie_A"	12	238	"Chievo_Verona"	2014	2	2	2	3	2	5	4	7	26000	5000	11317	215024
"433"	"Serie_A"	12	238	"Chievo_Verona"	2015	5	3	4	4	3	6	3	7	25000	8000	11684	222000
"434"	"Serie_A"	12	238	"Chievo_Verona"	2016	4	3	4	4	2	3	5	5	26000	8000	12684	241000
"435"	"Serie_A"	12	107	"Bologna"	2000	3	5	4	3	3	3	3	4	NA	NA	NA	NA
"436"	"Serie_A"	12	107	"Bologna"	2001	4	2	2	3	3	5	2	4	40000	11000	24035	408600
"437"	"Serie_A"	12	107	"Bologna"	2002	3	2	3	4	2	6	3	7	40000	16000	25447	432612
"438"	"Serie_A"	12	107	"Bologna"	2003	3	3	3	4	3	4	2	7	36000	18000	24882	423000
"439"	"Serie_A"	12	107	"Bologna"	2004	3	2	2	2	2	8	2	12	38000	15000	21473	408000
"440"	"Serie_A"	12	107	"Bologna"	2008	5	2	3	4	1	9	5	5	38005	12500	22970	390505
"441"	"Serie_A"	12	107	"Bologna"	2009	3	4	2	3	2	6	5	6	60000	13000	23596	424740
"442"	"Serie_A"	12	107	"Bologna"	2010	3	2	2	4	2	4	5	9	33000	13000	19811	356600
"443"	"Serie_A"	12	107	"Bologna"	2011	3	3	3	2	3	7	2	5	23483	14500	18934	302956
"444"	"Serie_A"	12	107	"Bologna"	2012	4	3	4	6	3	3	4	8	24512	15543	20192	343270
"445"	"Serie_A"	12	107	"Bologna"	2013	3	3	3	5	2	2	3	9	23875	15227	20160	282253
"446"	"Serie_A"	12	107	"Bologna"	2015	3	2	3	6	2	3	4	9	29463	15576	19568	371792
"447"	"Serie_A"	12	107	"Bologna"	2016	4	3	4	6	2	2	4	7	29233	16998	21188	402584
"448"	"Serie_A"	12	3263	"Genoa"	2007	3	5	3	3	3	6	4	8	37460	23349	26801	214412
"449"	"Serie_A"	12	3263	"Genoa"	2008	4	3	4	3	4	10	2	2	32744	23500	26001	442024
"450"	"Serie_A"	12	3263	"Genoa"	2009	5	3	3	5	3	4	2	5	33165	22000	26802	482443
"451"	"Serie_A"	12	3263	"Genoa"	2010	4	3	3	3	2	4	2	4	30000	21247	23690	450118
"452"	"Serie_A"	12	3263	"Genoa"	2011	3	4	3	5	2	3	3	14	28000	19278	21995	373927
"453"	"Serie_A"	12	3263	"Genoa"	2012	4	2	3	2	2	4	6	9	25000	17236	19336	328719
"454"	"Serie_A"	12	3263	"Genoa"	2013	3	3	3	4	3	4	4	7	29878	17875	19984	299769
"455"	"Serie_A"	12	3263	"Genoa"	2014	5	4	4	2	3	9	2	6	29800	17568	20030	380585
"456"	"Serie_A"	12	3263	"Genoa"	2015	4	3	4	3	2	4	5	5	30216	19061	21382	406259
"457"	"Serie_A"	12	3263	"Genoa"	2016	3	3	3	5	2	3	4	9	31190	17730	21525	408980
"458"	"Serie_A"	12	3173	"Crotone"	2016	4	2	3	4	2	7	5	9	15354	510	8226	156301
"459"	"Serie_A"	12	2574	"Empoli"	2002	3	2	3	2	2	2	9	15000	4000	8956	143300	NA
"460"	"Serie_A"	12	2574	"Empoli"	2003	1	2	4	2	2	5	9	19500	4000	8511	144700	NA
"461"	"Serie_A"	12	2574	"Empoli"	2005	3	3	4	3	6	4	12	10350	5000	7170	86050	NA
"462"	"Serie_A"	12	2574	"Empoli"	2006	2	3	3	2	9	2	3	12000	4500	7000	35000	NA
"463"	"Serie_A"	12	2574	"Empoli"	2007	3	3	3	3	3	4	7	11000	6000	7437	59500	NA
"464"	"Serie_A"	12	2574	"Empoli"	2014	3	3	4	2	8	3	8	14698	6938	8989	161807	NA
"465"	"Serie_A"	12	2574	"Empoli"	2015	3	3	4	4	5	4	12	15492	7309	9865	187435	NA
"466"	"Serie_A"	12	2574	"Empoli"	2016	4	4	4	2	3	7	9	15424	7105	9483	180179	NA
"467"	"Serie_A"	12	2923	"Palermo"	2004	3	3	3	4	3	6	2	4	36046	25000	32848	624114
"468"	"Serie_A"	12	2923	"Palermo"	2005	4	2	3	3	3	5	3	5	33149	25792	28220	451529
"469"	"Serie_A"	12	2923	"Palermo"	2006	5	3	4	4	5	5	2	11	34261	22244	28235	141177
"470"	"Serie_A"	12	2923	"Palermo"	2007	3	4	2	5	2	6	4	6	38000	22000	25375	203000
"471"	"Serie_A"	12	2923	"Palermo"	2008	5	2	4	4	3	3	2	3	35000	14000	22642	430203
"472"	"Serie_A"	12	2923	"Palermo"	2009	3	3	3	3	3	7	1	5	38000	2500	24152	434736
"473"	"Serie_A"	12	2923	"Palermo"	2010	4	4	3	7	3	4	5	5	30000	3000	23526	447000
"474"	"Serie_A"	12	2923	"Palermo"	2011	5	4	4	4	2	4	3	8	24000	15658	20945	335120
"475"	"Serie_A"	12	2923	"Palermo"	2012	4	3	3	3	2	5	4	15	26597	12411	18470	332471
"476"	"Serie_A"	12	2923	"Palermo"	2014	5	3	5	4	2	9	3	6	29850	12784	17481	332148
"477"	"Serie_A"	12	2923	"Palermo"	2015	4	2	3	5	2	5	4	12	33445	10023	18002	324041
"478"	"Serie_A"	12	2923	"Palermo"	2016	2	4	2	4	1	3	9	11	27039	8559	13204	250876
"479"	"Serie_A"	12	3290	"US_Pescara"	2012	2	2	2	6	2	3	8	19	21317	8308	12493	224887
"480"	"Serie_A"	12	3290	"US_Pescara"	2016	5	3	5	4	1	1	6	24	20088	10062	13540	257269
"481"	"Ligue_1"	9	174	"AS-Monaco"	2001	3	2	3	3	3	4	2	7	18000	2000	8166	122500
"482"	"Ligue_1"	9	174	"AS-Monaco"	2002	6	4	6	2	3	14	2	5	17045	2500	6024	108445
"483"	"Ligue_1"	9	174	"AS-Monaco"	2003	4	4	4	3	3	22	1	3	19000	4000	9294	158000
"484"	"Ligue_1"	9	174	"AS-Monaco"	2004	5	2	3	3	3	10	1	9	17906	5000	11412	194013
"485"	"Ligue_1"	9	174	"AS-Monaco"	2005	4	3	3	2	2	6	2	6	17594	4271	11190	156667
"486"	"Ligue_1"	9	174	"AS-Monaco"	2007	3	4	3	6	4	4	5	9	17368	5000	10078	70546
"487"	"Ligue_1"	9	174	"AS-Monaco"	2008	3	3	3	3	2	4	3	4	14442	5000	8258	156917
"488"	"Ligue_1"	9	174	"AS-Monaco"	2009	4	3	4	4	4	7	3	5	13000	3000	7342	132160
"489"	"Ligue_1"	9	174	"AS-Monaco"	2010	3	4	4	3	2	4	2	6	17046	3000	7343	132185
"490"	"Ligue_1"	9	174	"AS-Monaco"	2013	4	4	3	2	5	11	1	2	16384	1	8593	128895
"491"	"Ligue_1"	9	174	"AS-Monaco"	2014	4	3	3	3	4	11	2	4	13960	5488	7814	148466
"492"	"Ligue_1"	9	174	"AS-Monaco"	2015	4	3	4	5	2	9	2	3	16124	5388	7838	148924
"493"	"Ligue_1"	9	174	"AS-Monaco"	2016	6	7	7	4	12	20	1	1	16049	4319	9428	179134
"494"	"Ligue_1"	9	160	"Paris_Saint_Germain"	2001	5	2	5	3	4	6	1	4	47756	37608	41624	624362
"495"	"Ligue_1"	9	160	"Paris_Saint_Germain"	2002	5	3	5	2	3	6	3	5	45000	33438	38668	734708
"496"	"Ligue_1"	9	160	"Paris_Saint_Germain"	2003	6	2	5	3	5	20	2	3	44162	34175	40098	721778
"497"	"Ligue_1"	9	160	"Paris_Saint_Germain"	2004	3	2	3	3	2	5	3	8	45000	29445	37325	671858
"498"	"Ligue_1"	9	160	"Paris_Saint_Germain"	2005	4	2	3	3	3	10	2	8	43555	35118	40984	532796
"499"	"Ligue_1"	9	160	"Paris_Saint_Germain"	2006	4	3	4	2	2	5	4	10	40000	40000	40000	40000
"500"	"Ligue_1"	9	160	"Paris_Saint_Germain"	2007	3	2	3	3	2	5	2	8	45200	32358	35911	179558
"501"	"Ligue_1"	9	160	"Paris_Saint_Germain"	2008	4	4	3	4	4	7	2	2	45000	4200	36906	701216
"502"	"Ligue_1"	9	160	"Paris_Saint_Germain"	2009	4	5	4	4	3	4	4	6	44788	13000	33169	597047
"503"	"Ligue_1"	9	160	"Paris_Saint_Germain"	2010	4	3	4	2	2	7	2	3	45000	14000	26947	512000
"504"	"Ligue_1"	9	160	"Paris_Saint_Germain"	2011	6	4	5	3	6	12	2	3	46252	35000	41921	628820
"505"	"Ligue_1"	9	160	"Paris_Saint_Germain"	2012	4	4	4	1	5	11	1	3	45432	38102	43238	821540
"506"	"Ligue_1"	9	160	"Paris_Saint_Germain"	2013	5	4	5	2	8	16	1	2	48500	44413	45601	775222
"507"	"Ligue_1"	9	160	"Paris_Saint_Germain"	2014	6	3	6	2	9	17	1	3	46683	44955	45789	869997
"508"	"Ligue_1"	9	160	"Paris_Saint_Germain"	2015	6	9	9	2	9	27	1	1	47844	44807	46159	877038
"509"	"Ligue_1"	9	160	"Paris_Saint_Germain"	2016	5	6	6	3	8	16	1	3	47929	40597	45159	858030
"510"	"Ligue_1"	9	2502	"Nice"	2002	4	3	4	4	3	7	1	7	17000	10406	13772	247912
"511"	"Ligue_1"	9	2502	"Nice"	2003	4	2	4	5	2	9	5	6	15690	9663	11971	227455
"512"	"Ligue_1"	9	2502	"Nice"	2004	3	4	3	4	3	6	2	8	15639	8000	11299	214692
"513"	"Ligue_1"	9	2502	"Nice"	2005	3	4	3	4	3	7	2	7	15050	8776	11760	188171
"514"	"Ligue_1"	9	2502	"Nice"	2007	3	3	3	2	3	11	2	5	14200	9661	11275	78928
"515"	"Ligue_1"	9	2502	"Nice"	2008	3	2	2	2	4	8	2	6	20504	8410	12269	233115
"516"	"Ligue_1"	9	2502	"Nice"	2009	4	3	3	4	4	4	4	11	16123	6000	10002	180036
"517"	"Ligue_1"	9	2502	"Nice"	2010	3	2	2	4	1	7	2	5	18698	6699	9120	173280
"518"	"Ligue_1"	9	2502	"Nice"	2011	3	4	3	3	2	3	3	6	15000	6106	9833	167163
"519"	"Ligue_1"	9	2502	"Nice"	2012	5	4	5	4	3	8	2	5	16356	6533	9896	178141
"520"	"Ligue_1"	9	2502	"Nice"	2013	4	2	4	4	2	5	7	7	35030	14962	24138	386208
"521"	"Ligue_1"	9	2502	"Nice"	2014	3	7	5	5	3	3	4	7	25407	15033	19308	347561
"522"	"Ligue_1"	9	2502	"Nice"	2015	6	4	5	3	4	5	1	4	35596	12828	19192	364650
"523"	"Ligue_1"	9	2502	"Nice"	2016	4	4	4	3	6	12	2	2	33190	16355	22949	436035
"524"	"Ligue_1"	9	167	"Lyon"	2001	4	4	4	3	4	6	1	3	42559	25000	34953	489350
"525"	"Ligue_1"	9	167	"Lyon"	2002	6	4	5	3	3	13	2	3	49300	25000	34294	617301
"526"	"Ligue_1"	9	167	"Lyon"	2003	5	4	5	3	4	11	1	3	39869	30333	35857	609575
"527"	"Ligue_1"	9	167	"Lyon"	2004	5	3	4	1	4	22	1	2	40000	20000	36444	692438
"528"	"Ligue_1"	9	167	"Lyon"	2005	8	4	7	4	5	24	1	3	44410	29168	36676	513468
"529"	"Ligue_1"	9	167	"Lyon"	2007	5	5	5	3	6	10	2	2	40381	30000	37132	222796
"530"	"Ligue_1"	9	167	"Lyon"	2008	3	3	3	3	5	8	2	4	40245	30000	36448	692528
"531"	"Ligue_1"	9	167	"Lyon"	2009	5	4	4	3	4	9	2	5	41000	30000	35600	676405
"532"	"Ligue_1"	9	167	"Lyon"	2010	5	4	5	4	2	13	2	4	45000	26000	34308	651860
"533"	"Ligue_1"	9	167	"Lyon"	2011	4	3	3	3	4	6	2	5	45000	25000	33378	500681
"534"	"Ligue_1"	9	167	"Lyon"	2012	5	4	4	3	3	5	3	5	39939	25186	31941	574944
"535"	"Ligue_1"	9	167	"Lyon"	2013	4	3	4	4	3	7	2	5	39717	23552	34313	583331
"536"	"Ligue_1"	9	167	"Lyon"	2014	5	5	5	3	7	11	3	3	39961	24636	34949	664036
"537"	"Ligue_1"	9	167	"Lyon"	2015	6	4	5	4	3	10	3	6	56696	25658	40324	766170
"538"	"Ligue_1"	9	167	"Lyon"	2016	5	6	6	3	4	4	2	3	57050	28349	39170	744248
"539"	"Ligue_1"	9	176	"Marseille"	2001	4	2	3	4	2	5	3	6	58000	33000	47139	659954
"540"	"Ligue_1"	9	176	"Marseille"	2002	4	3	2	3	3	4	1	3	60000	7000	49396	938537
"541"	"Ligue_1"	9	176	"Marseille"	2003	5	3	5	3	2	5	2	7	60000	43000	49959	849311
"542"	"Ligue_1"	9	176	"Marseille"	2004	3	3	3	2	3	4	2	8	68100	5000	51030	969578
"543"	"Ligue_1"	9	176	"Marseille"	2005	6	3	6	3	2	10	2	6	58000	21000	49365	740484
"544"	"Ligue_1"	9	176	"Marseille"	2007	6	3	5	2	3	8	3	5	58000	37826	53108	424866
"545"	"Ligue_1"	9	176	"Marseille"	2008	4	4	4	3	6	13	1	2	62000	30000	51062	970183
"546"	"Ligue_1"	9	176	"Marseille"	2009	5	5	4	2	7	15	2	2	65800	28965	48980	930634
"547"	"Ligue_1"	9	176	"Marseille"	2010	4	3	4	1	4	9	2	2	65790	45000	52611	999622
"548"	"Ligue_1"	9	176	"Marseille"	2011	3	3	3	2	4	7	5	13	41279	39357	40183	562562
"549"	"Ligue_1"	9	176	"Marseille"	2012	3	2	2	3	6	10	1	3	39773	30634	33473	635993
"550"	"Ligue_1"	9	176	"Marseille"	2013	4	3	3	2	3	8	3	4	44995	35045	38605	579081
"551"	"Ligue_1"	9	176	"Marseille"	2014	4	6	5	2	8	8	4	4	65148	41413	53018	1007351
"552"	"Ligue_1"	9	176	"Marseille"	2015	6	3	6	3	2	11	2	10	61166	19898	42358	804807
"553"	"Ligue_1"	9	176	"Marseille"	2016	5	5	4	4	4	11	2	3	65252	25121	39893	757979
"554"	"Ligue_1"	9	159	"Bordeaux"	2001	3	2	2	2	2	6	3	5	33850	19129	26903	403549
"555"	"Ligue_1"	9	159	"Bordeaux"	2002	4	6	5	2	4	6	2	3	33000	12094	26401	448828
"556"	"Ligue_1"	9	159	"Bordeaux"	2003	3	3	3	5	3	9	2	8	32500	18000	23519	399835
"557"	"Ligue_1"	9	159	"Bordeaux"	2004	5	4	4	4	2	6	2	7	32750	16656	23414	444874
"558"	"Ligue_1"	9	159	"Bordeaux"	2005	3	3	3	2	4	16	1	4	32800	17965	24090	433625
"559"	"Ligue_1"	9	159	"Bordeaux"	2006	3	2	3	3	3	9	2	4	30186	30186	30186	30186
"560"	"Ligue_1"	9	159	"Bordeaux"	2007	4	6	6	5	4	7	1	1	32487	19474	26444	185112
"561"	"Ligue_1"	9	159	"Bordeaux"	2008	4	4	4	3	11	11	1	2	34694	18720	27999	531988
"562"	"Ligue_1"	9	159	"Bordeaux"	2009	4	3	4	2	6	8	3	6	40084	20868	29669	563729
"563"	"Ligue_1"	9	159	"Bordeaux"	2010	3	4	3	4	2	5	2	6	34000	19991	25183	478478
"564"	"Ligue_1"	9	159	"Bordeaux"	2011	2	5	3	3	6	7	2	6	31625	15404	20819	374746
"565"	"Ligue_1"	9	159	"Bordeaux"	2012	4	4	4	4	3	7	4	4	31858	14261	19719	335229
"566"	"Ligue_1"	9	159	"Bordeaux"	2013	5	3	4	3	4	7	2	3	32158	11399	19006	323113
"567"	"Ligue_1"	9	159	"Bordeaux"	2014	4	3	3	5	3	8	2	4	40275	13953	23549	423891
"568"	"Ligue_1"	9	159	"Bordeaux"	2015	4	4	4	5	2	7	2	4	39672	17603	25090	476713
"569"	"Ligue_1"	9	159	"Bordeaux"	2016	5	4	4	4	3	6	3	4	41265	16331	24217	460126
"570"	"Ligue_1"	9	165	"Nantes"	2001	3	2	3	3	3	7	3	10	38002	30000	33513	569737
"571"	"Ligue_1"	9	165	"Nantes"	2002	4	2	3	4	4	7	3	5	36500	25000	32100	609911
"572"	"Ligue_1"	9	165	"Nantes"	2003	4	3	4	3	3	12	3	3	36000	24569	30349	546299
"573"	"Ligue_1"	9	165	"Nantes"	2004	2	2	2	2	3	4	5	8	36500	18000	30050	570952
"574"	"Ligue_1"	9	165	"Nantes"	2005	4	4	3	4	2	3	2	11	37000	20000	29670	504400
"575"	"Ligue_1"	9	165	"Nantes"	2006	2	4	4	4	2	4	3	7	35500	35500	35500	35500
"576"	"Ligue_1"	9	165	"Nantes"	2008	2	2	2	3	2	5	3	9	35993	18000	24072	457377
"577"	"Ligue_1"	9	165	"Nantes"	2013	3	6	4	5	4	4	2	7	36609	19804	27711	443382
"578"	"Ligue_1"	9	165	"Nantes"	2014	2	2	2	4	2	8	3	7	36022	19252	25984	493714
"579"	"Ligue_1"	9	165	"Nantes"	2015	3	2	3	4	3	12	4	4	32611	18851	25105	451905
"580"	"Ligue_1"	9	165	"Nantes"	2016	4	3	3	6	4	4	3	7	32858	17818	23151	439886
"581"	"Ligue_1"	9	178	"St_Etienne"	2004	5	3	5	3	3	15	2	6	241356	27014	41803	794268
"582"	"Ligue_1"	9	178	"St_Etienne"	2005	3	2	3	4	2	9	2	10	35352	21163	29229	526130
"583"	"Ligue_1"	9	178	"St_Etienne"	2006	3	3	3	2	3	3	3	4	30186	30186	30186	30186
"584"	"Ligue_1"	9	178	"St_Etienne"	2007	4	3	4	3	3	10	3	3	34000	23223	29911	239294
"585"	"Ligue_1"	9	178	"St_Etienne"	2008	4	4	4	3	2	3	7	7	35616	22400	29338	557429
"586"	"Ligue_1"	9	178	"St_Etienne"	2009	3	2	3	4	2	3	3	7	35616	2460	25766	489570
"587"	"Ligue_1"	9	178	"St_Etienne"	2010	3	2	3	3	4	6	4	5	35003	19000	25041	450752
"588"	"Ligue_1"	9	178	"St_Etienne"	2011	4	4	4	3	3	6	3	5	23510	18000	20834	250018
"589"	"Ligue_1"	9	178	"St_Etienne"	2012	4	3	4	2	4	14	2	5	26579	18410	22965	436349
"590"	"Ligue_1"	9	178	"St_Etienne"	2013	4	3	4	2	4	9	2	4	37587	19839	30737	491801
"591"	"Ligue_1"	9	178	"St_Etienne"	2014	5	3	5	5	3	11	2	5	39147	26293	32630	587350
"592"	"Ligue_1"	9	178	"St_Etienne"	2015	3	4	3	3	5	6	2	5	39550	24556	30328	576237
"593"	"Ligue_1"	9	178	"St_Etienne"	2016	4	3	4	5	3	6	3	4	37029	20456	27224	490044
"594"	"Ligue_1"	9	169	"Stade-Rennes"	2001	4	3	4	5	2	6	4	8	27000	13754	18001	270023
"595"	"Ligue_1"	9	169	"Stade-Rennes"	2002	5	3	4	3	5	7	3	7	33203	7104	17823	338638
"596"	"Ligue_1"	9	169	"Stade-Rennes"	2003	4	4	4	3	2	3	2	6	22143	14028	17232	310180
"597"	"Ligue_1"	9	169	"Stade-Rennes"	2004	4	2	4	3	2	9	2	4	29164	16555	23378	420813
"598"	"Ligue_1"	9	169	"Stade-Rennes"	2005	4	4	3	6	6	11	5	6	30000	20094	25345	380183
"599"	"Ligue_1"	9	169	"Stade-Rennes"	2006	4	3	3	2	2	10	2	5	22497	22497	22497	22497
"600"	"Ligue_1"	9	169	"Stade-Rennes"	2007	3	3	3	3	3	7	6	6	28124	24411	26194	183359
"601"	"Ligue_1"	9	169	"Stade-Rennes"	2008	4	3	3	4	3	18	2	3	29500	18537	23806	452319
"602"	"Ligue_1"	9	169	"Stade-Rennes"	2009	4	4	4	3	4	6	3	8	28631	17265	22660	430541
"603"	"Ligue_1"	9	169	"Stade-Rennes"	2010	4	3	4	4	5	8	3	8	29002	17504	23568	424238
"604"	"Ligue_1"	9	169	"Stade-Rennes"	2011	5	6	5	4	4	5	3	3	30000	15594	21946	285309
"605"	"Ligue_1"	9	169	"Stade-Rennes"	2012	3	4	2	3	3	4	5	9	28131	13275	18548	333875
"606"	"Ligue_1"	9	169	"Stade-Rennes"	2013	3	5	5	2	2	4	3	4	28831	13202	19769	276767
"607"	"Ligue_1"	9	169	"Stade-Rennes"	2014	6	3	4	4	4	8	3	9	27194	16123	20124	382363
"608"	"Ligue_1"	9	169	"Stade-Rennes"	2015	4	5	3	4	4	6	3	7	29068	18022	23180	440429
"609"	"Ligue_1"	9	169	"Stade-Rennes"	2016	3	2	2	4	2	4	2	10	29054	17016	22688	431080
"610"	"Ligue_1"	9	171	"Guingamp"	2001	4	4	2	4	1	3	4	5	16400	7825	12284	208842
"611"	"Ligue_1"	9	171	"Guingamp"	2002	3	4	4	5	4	9	5	7	18001	10058	14495	260910
"612"	"Ligue_1"	9	171	"Guingamp"	2003	4	3	2	3	2	3	3	5	18002	7000	14402	273651
"613"	"Ligue_1"	9	171	"Guingamp"	2013	5	2	4	4	3	3	5	10	18155	11897	14972	269504
"614"	"Ligue_1"	9	171	"Guingamp"	2014	5	3	4	6	3	5	4	4	17636	12712	14934	283753
"615"	"Ligue_1"	9	171	"Guingamp"	2015	4	3	4	4	3	5	5	5	18363	12737	14804	281281
"616"	"Ligue_1"	9	171	"Guingamp"	2016	5	3	5	4	3	3	3	6	18033	12630	14789	281003
"617"	"Ligue_1"	9	166	"Lille"	2001	3	4	2	4	4	12	2	8	22000	1700	16903	236650
"618"	"Ligue_1"	9	166	"Lille"	2002	3	2	3	4	2	5	4	9	30233	10000	16116	306222
"619"	"Ligue_1"	9	166	"Lille"	2003	2	3	3	3	3	3	3	11	22000	11000	15448	262629
"620"	"Ligue_1"	9	166	"Lille"	2004	8	3	8	3	3	8	1	6	18000	9200	13099	248898
"621"	"Ligue_1"	9	166	"Lille"	2005	4	3	4	2	2	14	1	2	20000	8000	12631	138950
"622"	"Ligue_1"	9	166	"Lille"	2006	4	3	4	3	2	9	3	5	NA	NA	NA	NA
"623"	"Ligue_1"	9	166	"Lille"	2007	5	3	5	3	3	7	2	4	79000	12000	26671	186700
"624"	"Ligue_1"	9	166	"Lille"	2008	3	2	3	2	4	9	3	4	78000	11900	17331	329299
"625"	"Ligue_1"	9	166	"Lille"	2009	4	4	4	3	7	7	2	4	17688	10000	14321	257783
"626"	"Ligue_1"	9	166	"Lille"	2010	6	5	5	2	4	13	2	2	17451	11000	15904	302187
"627"	"Ligue_1"	9	166	"Lille"	2011	4	3	4	2	5	16	1	3	17437	15000	16723	183961
"628"	"Ligue_1"	9	166	"Lille"	2012	5	3	5	2	5	6	2	6	47828	32583	40421	727583
"629"	"Ligue_1"	9	166	"Lille"	2013	3	4	3	2	4	12	2	5	48960	17000	37766	717572
"630"	"Ligue_1"	9	166	"Lille"	2014	3	4	3	5	3	5	3	6	45771	31742	36551	694482
"631"	"Ligue_1"	9	166	"Lille"	2015	4	4	3	3	6	10	2	6	39601	26431	30268	575097
"632"	"Ligue_1"	9	166	"Lille"	2016	4	3	3	4	3	4	4	5	40485	23216	29486	560252
"633"	"Ligue_1"	9	7868	"Angers"	2015	5	3	4	4	3	5	4	7	16381	10166	13501	256530
"634"	"Ligue_1"	9	7868	"Angers"	2016	3	3	3	4	4	5	5	9	15909	9142	11953	227115
"635"	"Ligue_1"	9	179	"Toulouse"	2003	3	2	2	3	2	5	3	10	36982	13310	21722	390996
"636"	"Ligue_1"	9	179	"Toulouse"	2004	3	4	3	4	3	10	8	8	61568	15151	25035	475673
"637"	"Ligue_1"	9	179	"Toulouse"	2005	3	4	3	3	2	8	2	12	28070	14814	19810	297157
"638"	"Ligue_1"	9	179	"Toulouse"	2006	3	3	3	4	3	5	4	4	NA	NA	NA	NA
"639"	"Ligue_1"	9	179	"Toulouse"	2007	2	3	2	2	2	5	2	10	35472	17200	25156	176097
"640"	"Ligue_1"	9	179	"Toulouse"	2008	4	2	3	3	4	12	1	1	36508	13815	21116	401211
"641"	"Ligue_1"	9	179	"Toulouse"	2009	4	3	4	3	2	4	3	4	28352	12152	19188	364583
"642"	"Ligue_1"	9	179	"Toulouse"	2010	3	3	3	2	4	4	4	5	33853	12107	19774	355941
"643"	"Ligue_1"	9	179	"Toulouse"	2011	3	3	3	3	3	6	2	6	32000	5500	21178	296497
"644"	"Ligue_1"	9	179	"Toulouse"	2012	4	4	4	4	2	6	3	4	35012	10431	17739	337058
"645"	"Ligue_1"	9	179	"Toulouse"	2013	5	3	4	5	3	6	2	8	22049	10401	15381	215343
"646"	"Ligue_1"	9	179	"Toulouse"	2014	3	3	3	5	2	4	3	6	20761	9978	15687	298065
"647"	"Ligue_1"	9	179	"Toulouse"	2015	4	3	4	5	2	3	4	13	30178	8883	16318	310050
"648"	"Ligue_1"	9	179	"Toulouse"	2016	4	2	4	4	3	3	4	5	29430	11023	17068	324292
"649"	"Ligue_1"	9	177	"Metz"	2001	3	2	2	3	2	2	4	7	25697	13834	18130	271953
"650"	"Ligue_1"	9	177	"Metz"	2003	5	2	5	2	2	3	3	8	25811	7000	16795	302319
"651"	"Ligue_1"	9	177	"Metz"	2004	3	3	3	4	2	4	3	9	25908	12056	18251	346780
"652"	"Ligue_1"	9	177	"Metz"	2005	2	3	2	4	1	7	6	13	22689	6000	15438	247017
"653"	"Ligue_1"	9	177	"Metz"	2007	4	3	1	4	2	2	6	15	25625	8650	14485	101398
"654"	"Ligue_1"	9	177	"Metz"	2014	3	1	3	4	3	3	5	17	25012	15115	18673	354790
"655"	"Ligue_1"	9	177	"Metz"	2016	3	3	3	7	2	3	4	5	21011	11550	16196	291531
"656"	"Ligue_1"	9	274	"Montpellier"	2001	3	2	3	3	2	8	3	13	17731	8234	12298	184478
"657"	"Ligue_1"	9	274	"Montpellier"	2002	2	3	2	4	2	3	3	10	26096	8000	12959	233262
"658"	"Ligue_1"	9	274	"Montpellier"	2003	4	3	3	5	3	5	7	17	21085	5000	12066	205127
"659"	"Ligue_1"	9	274	"Montpellier"	2009	3	3	3	4	5	5	2	6	29312	13000	18737	337266
"660"	"Ligue_1"	9	274	"Montpellier"	2010	3	2	2	4	2	5	3	5	25519	9000	16076	305455
"661"	"Ligue_1"	9	274	"Montpellier"	2011	5	3	4	3	4	8	1	3	27649	11149	18009	306155
"662"	"Ligue_1"	9	274	"Montpellier"	2012	4	3	4	3	3	5	3	3	26360	14316	16940	304925
"663"	"Ligue_1"	9	274	"Montpellier"	2013	5	4	4	4	3	8	3	9	27717	11596	14755	250842
"664"	"Ligue_1"	9	274	"Montpellier"	2014	4	4	4	4	3	6	2	3	27930	8440	12860	244341
"665"	"Ligue_1"	9	274	"Montpellier"	2015	4	4	4	3	4	6	4	7	27163	9076	12839	243947
"666"	"Ligue_1"	9	274	"Montpellier"	2016	4	3	4	4	2	2	5	6	22217	8960	12355	234763
"667"	"Ligue_1"	9	3170	"Dijon-FCO"	2011	3	3	3	5	2	2	5	9	14764	12303	13600	231207
"668"	"Ligue_1"	9	3170	"Dijon-FCO"	2016	4	3	3	4	1	4	3	8	13416	7828	10126	192401
"669"	"Ligue_1"	9	2927	"Caen"	2004	2	3	2	5	3	4	4	8	21000	15000	19589	372204
"670"	"Ligue_1"	9	2927	"Caen"	2007	5	4	5	5	4	6	3	10	20933	18493	20008	120053
"671"	"Ligue_1"	9	2927	"Caen"	2008	3	2	3	2	1	4	3	13	20945	16665	18921	359515
"672"	"Ligue_1"	9	2927	"Caen"	2010	3	4	4	3	2	5	6	10	21500	11000	16099	305896
"673"	"Ligue_1"	9	2927	"Caen"	2011	3	4	3	3	2	3	4	8	19172	12568	15098	226483
"674"	"Ligue_1"	9	2927	"Caen"	2014	4	4	3	4	4	7	3	9	20501	12767	16990	322820
"675"	"Ligue_1"	9	2927	"Caen"	2015	2	4	3	6	3	4	3	6	20679	15069	17660	335555
"676"	"Ligue_1"	9	2927	"Caen"	2016	3	2	3	6	2	2	3	8	20054	13243	16767	318580
"677"	"Ligue_1"	9	273	"Lorient"	2001	6	3	4	5	1	3	6	9	15990	9000	12639	189587
"678"	"Ligue_1"	9	273	"Lorient"	2007	2	3	2	3	3	8	2	7	14000	10275	12325	73955
"679"	"Ligue_1"	9	273	"Lorient"	2008	3	4	3	2	2	5	3	9	14366	9306	11131	200373
"680"	"Ligue_1"	9	273	"Lorient"	2009	5	3	5	3	2	4	2	5	16537	8000	11982	215684
"681"	"Ligue_1"	9	273	"Lorient"	2010	5	3	4	3	2	10	2	5	18000	12000	15713	298549
"682"	"Ligue_1"	9	273	"Lorient"	2011	3	2	3	4	1	6	4	11	17000	14000	15451	200874
"683"	"Ligue_1"	9	273	"Lorient"	2012	4	3	4	5	4	5	2	7	17395	11934	15048	285918
"684"	"Ligue_1"	9	273	"Lorient"	2013	4	4	4	4	5	7	4	6	16614	12753	15206	243304
"685"	"Ligue_1"	9	273	"Lorient"	2014	4	5	4	4	2	4	4	4	16143	11058	13693	260182
"686"	"Ligue_1"	9	273	"Lorient"	2015	4	3	3	4	3	5	3	5	15599	9067	11993	227868
"687"	"Ligue_1"	9	273	"Lorient"	2016	5	4	4	5	3	3	5	6	15884	8323	11831	224794
"688"	"Ligue_1"	9	3267	"AS_Nancy_Lorraine"	2005	6	3	6	6	4	6	4	10	21840	12000	17126	222649
"689"	"Ligue_1"	9	3267	"AS_Nancy_Lorraine"	2006	5	2	3	3	3	7	3	9	17500	17500	17500	17500
"690"	"Ligue_1"	9	3267	"AS_Nancy_Lorraine"	2007	4	3	3	4	3	7	2	7	19504	17951	18806	131647
"691"	"Ligue_1"	9	3267	"AS_Nancy_Lorraine"	2008	2	3	3	3	3	4	3	9	20609	15500	17850	339168
"692"	"Ligue_1"	9	3267	"AS_Nancy_Lorraine"	2009	5	3	4	4	2	3	3	4	27000	11649	16282	309374
"693"	"Ligue_1"	9	3267	"AS_Nancy_Lorraine"	2010	4	3	4	4	3	5	4	6	20021	13000	15949	303031
"694"	"Ligue_1"	9	3267	"AS_Nancy_Lorraine"	2011	3	3	2	3	4	6	3	10	18802	12093	15144	257452
"695"	"Ligue_1"	9	3267	"AS_Nancy_Lorraine"	2012	3	3	2	4	3	5	6	20	19122	11828	15597	296345
"696"	"Ligue_1"	9	3267	"AS_Nancy_Lorraine"	2016	4	2	4	6	1	4	4	9	20087	15423	17515	332801
"697"	"Ligue_1"	9	173	"Bastia"	2001	3	2	3	7	3	3	3	7	40000	2600	10420	145886
"698"	"Ligue_1"	9	173	"Bastia"	2002	3	2	2	3	3	8	3	11	12000	3000	7259	130665
"699"	"Ligue_1"	9	173	"Bastia"	2003	4	2	3	4	3	3	3	7	13000	3000	6302	119744
"700"	"Ligue_1"	9	173	"Bastia"	2004	3	2	2	3	3	5	4	11	16200	1000	6106	116021
"701"	"Ligue_1"	9	173	"Bastia"	2012	4	4	4	4	3	4	4	5	15669	723	11484	195230
"702"	"Ligue_1"	9	173	"Bastia"	2013	4	3	3	4	2	3	2	5	15425	12241	13704	205563
"703"	"Ligue_1"	9	173	"Bastia"	2014	4	2	2	3	3	9	3	6	16000	10902	12828	230921
"704"	"Ligue_1"	9	173	"Bastia"	2015	3	2	3	4	3	3	4	4	14702	10135	11559	219626
"705"	"Ligue_1"	9	173	"Bastia"	2016	2	3	3	5	2	2	3	13	13122	9139	10362	165802
"706"	"Bundesliga"	10	132	"Bayern_Munich"	2000	6	3	4	1	5	8	2	3	NA	NA	NA	NA
"707"	"Bundesliga"	10	132	"Bayern_Munich"	2001	6	5	6	4	9	13	1	7	69000	28000	52941	9e+05
"708"	"Bundesliga"	10	132	"Bayern_Munich"	2002	6	6	5	2	6	17	2	3	69000	40000	52470	892000
"709"	"Bundesliga"	10	132	"Bayern_Munich"	2003	5	6	6	2	3	10	2	2	71000	32000	55470	943000
"710"	"Bundesliga"	10	132	"Bayern_Munich"	2004	6	4	5	3	9	9	1	2	63000	37000	53294	906000
"711"	"Bundesliga"	10	132	"Bayern_Munich"	2005	5	5	4	3	6	19	1	2	69000	56000	67214	941000
"712"	"Bundesliga"	10	132	"Bayern_Munich"	2006	5	4	4	3	3	6	2	3	69000	69000	69000	138000
"713"	"Bundesliga"	10	132	"Bayern_Munich"	2007	5	4	5	2	5	10	1	3	69000	69000	69000	552000
"714"	"Bundesliga"	10	132	"Bayern_Munich"	2008	5	3	4	4	5	10	2	2	69000	63000	68647	1167000
"715"	"Bundesliga"	10	132	"Bayern_Munich"	2009	7	5	7	1	9	19	2	3	69000	69000	69000	1173000
"716"	"Bundesliga"	10	132	"Bayern_Munich"	2010	6	8	7	2	3	9	2	2	69000	69000	69000	1173000
"717"	"Bundesliga"	10	132	"Bayern_Munich"	2011	7	6	7	2	6	8	2	2	69000	69000	69000	1173000
"718"	"Bundesliga"	10	132	"Bayern_Munich"	2012	9	6	7	1	14	25	1	1	71000	71000	71000	1207000
"719"	"Bundesliga"	10	132	"Bayern_Munich"	2013	5	7	7	3	19	27	2	3	71137	71000	71008	1207137
"720"	"Bundesliga"	10	132	"Bayern_Munich"	2014	8	6	8	3	8	17	3	3	75000	71000	72882	1239000
"721"	"Bundesliga"	10	132	"Bayern_Munich"	2015	5	3	5	2	10	14	1	1	75000	75000	75000	1275000
"722"	"Bundesliga"	10	132	"Bayern_Munich"	2016	8	6	8	1	7	15	1	2	75000	75000	75000	1275000
"723"	"Bundesliga"	10	11420	"RB_Leipzig"	2016	4	4	4	3	8	13	2	3	42558	35721	41454	704720
"724"	"Bundesliga"	10	124	"Borussia_Dortmund"	2000	6	4	5	4	3	8	3	3	NA	NA	NA	NA
"725"	"Bundesliga"	10	124	"Borussia_Dortmund"	2001	4	5	4	4	6	13	2	4	68900	60500	65862	1053800
"726"	"Bundesliga"	10	124	"Borussia_Dortmund"	2002	4	4	4	2	3	10	1	2	68600	65000	67737	1083800
"727"	"Bundesliga"	10	124	"Borussia_Dortmund"	2003	6	4	4	4	3	7	2	10	83000	67500	79176	1346000
"728"	"Bundesliga"	10	124	"Borussia_Dortmund"	2004	4	3	3	5	3	9	2	7	83600	72000	77917	1324600
"729"	"Bundesliga"	10	124	"Borussia_Dortmund"	2005	3	4	2	2	2	8	3	5	82000	62100	72850	1092764
"730"	"Bundesliga"	10	124	"Borussia_Dortmund"	2006	3	4	3	3	4	7	3	5	68000	67000	67500	135000
"731"	"Bundesliga"	10	124	"Borussia_Dortmund"	2007	6	3	5	5	3	3	3	5	77000	62000	69625	557000
"732"	"Bundesliga"	10	124	"Borussia_Dortmund"	2008	6	4	6	3	7	8	1	6	80552	50000	73097	1242656
"733"	"Bundesliga"	10	124	"Borussia_Dortmund"	2009	4	4	4	4	6	12	3	6	80552	64600	76656	1303156
"734"	"Bundesliga"	10	124	"Borussia_Dortmund"	2010	5	4	5	2	7	15	1	1	80720	70100	79250	1347260
"735"	"Bundesliga"	10	124	"Borussia_Dortmund"	2011	5	6	5	1	8	28	2	3	80720	78400	80521	1368860
"736"	"Bundesliga"	10	124	"Borussia_Dortmund"	2012	5	6	5	3	6	6	1	3	80645	80000	80520	1368840
"737"	"Bundesliga"	10	124	"Borussia_Dortmund"	2013	6	5	5	3	5	9	2	3	80645	77600	80297	1365050
"738"	"Bundesliga"	10	124	"Borussia_Dortmund"	2014	4	3	3	2	4	7	5	7	80667	79500	80423	1367204
"739"	"Bundesliga"	10	124	"Borussia_Dortmund"	2015	5	4	4	4	5	15	1	3	81359	79956	81177	1380023
"740"	"Bundesliga"	10	124	"Borussia_Dortmund"	2016	6	5	6	3	3	7	1	1	81360	56906	79653	1354105
"741"	"Bundesliga"	10	7911	"TSG_Hoffenheim"	2008	4	5	3	4	5	5	2	12	30150	26300	28115	477965
"742"	"Bundesliga"	10	7911	"TSG_Hoffenheim"	2009	5	4	4	4	4	5	4	7	30500	26950	29761	505950
"743"	"Bundesliga"	10	7911	"TSG_Hoffenheim"	2010	4	4	4	4	3	3	2	5	30150	28450	29858	507600
"744"	"Bundesliga"	10	7911	"TSG_Hoffenheim"	2011	4	4	4	6	2	4	3	5	30150	22500	28010	476180
"745"	"Bundesliga"	10	7911	"TSG_Hoffenheim"	2012	3	3	3	5	2	2	6	9	30150	20500	26161	444750
"746"	"Bundesliga"	10	7911	"TSG_Hoffenheim"	2013	6	5	4	4	2	5	3	4	30150	21319	26906	457411
"747"	"Bundesliga"	10	7911	"TSG_Hoffenheim"	2014	4	5	5	4	1	9	3	4	30150	22716	27183	462117
"748"	"Bundesliga"	10	7911	"TSG_Hoffenheim"	2015	3	3	2	4	2	5	2	6	30150	21092	27615	469462
"749"	"Bundesliga"	10	7911	"TSG_Hoffenheim"	2016	5	5	4	1	5	17	1	1	30150	23028	28155	478640
"750"	"Bundesliga"	10	122	"FC_Cologne"	2000	5	5	4	6	4	6	3	3	NA	NA	NA	NA
"751"	"Bundesliga"	10	122	"FC_Cologne"	2001	4	3	2	4	2	2	7	14	42000	17000	30058	511000
"752"	"Bundesliga"	10	122	"FC_Cologne"	2003	4	2	4	4	2	6	4	10	51000	33000	40047	680800
"753"	"Bundesliga"	10	122	"FC_Cologne"	2005	4	4	3	6	2	5	3	24	50500	15000	45923	597000
"754"	"Bundesliga"	10	122	"FC_Cologne"	2008	2	3	2	3	3	5	4	4	50067	45000	49021	833367
"755"	"Bundesliga"	10	122	"FC_Cologne"	2009	3	4	3	4	2	4	2	6	55500	44500	48576	825800
"756"	"Bundesliga"	10	122	"FC_Cologne"	2010	4	2	4	4	3	4	3	6	50000	43000	47752	811800
"757"	"Bundesliga"	10	122	"FC_Cologne"	2011	4	4	4	5	2	2	3	9	50000	43200	47647	810000
"758"	"Bundesliga"	10	122	"FC_Cologne"	2014	4	4	2	4	2	5	3	5	50000	42900	48329	821600
"759"	"Bundesliga"	10	122	"FC_Cologne"	2015	4	3	3	4	2	3	2	4	50000	45500	48676	827500
"760"	"Bundesliga"	10	122	"FC_Cologne"	2016	4	6	5	4	2	7	2	4	50000	47200	49570	842700
"761"	"Bundesliga"	10	129	"Hertha_Berlin"	2000	4	4	4	4	5	5	3	4	NA	NA	NA	NA
"762"	"Bundesliga"	10	129	"Hertha_Berlin"	2001	6	3	6	4	4	8	1	5	55000	20000	34020	544325
"763"	"Bundesliga"	10	129	"Hertha_Berlin"	2002	6	3	6	3	3	5	3	5	59000	28000	39564	633028
"764"	"Bundesliga"	10	129	"Hertha_Berlin"	2003	6	3	4	4	2	4	2	10	60800	27100	40919	613793
"765"	"Bundesliga"	10	129	"Hertha_Berlin"	2004	6	3	6	1	3	11	2	6	74500	31000	48363	822182
"766"	"Bundesliga"	10	129	"Hertha_Berlin"	2005	4	3	3	4	2	6	2	12	74000	30000	46894	656526
"767"	"Bundesliga"	10	129	"Hertha_Berlin"	2006	4	4	4	5	2	5	4	7	25000	25000	25000	25000
"768"	"Bundesliga"	10	129	"Hertha_Berlin"	2007	3	3	2	3	3	6	3	6	60000	30000	44798	403187
"769"	"Bundesliga"	10	129	"Hertha_Berlin"	2008	4	3	4	4	4	5	3	3	74244	31329	52306	889213
"770"	"Bundesliga"	10	129	"Hertha_Berlin"	2009	2	5	4	4	1	3	8	16	75420	26851	46680	793576
"771"	"Bundesliga"	10	129	"Hertha_Berlin"	2011	3	3	3	6	2	4	6	12	74244	36997	53448	908630
"772"	"Bundesliga"	10	129	"Hertha_Berlin"	2013	6	3	5	4	3	4	4	8	76197	37438	51889	882120
"773"	"Bundesliga"	10	129	"Hertha_Berlin"	2014	3	4	3	5	2	5	3	7	76197	34636	50184	853140
"774"	"Bundesliga"	10	129	"Hertha_Berlin"	2015	3	4	4	5	3	3	4	6	76233	35196	49704	844968
"775"	"Bundesliga"	10	129	"Hertha_Berlin"	2016	3	3	3	4	3	4	3	3	74667	31912	50267	854539
"776"	"Bundesliga"	10	126	"SC_Freiburg"	2000	5	2	5	5	2	10	3	3	NA	NA	NA	NA
"777"	"Bundesliga"	10	126	"SC_Freiburg"	2001	4	2	3	4	1	4	3	14	25000	22000	24591	393464
"778"	"Bundesliga"	10	126	"SC_Freiburg"	2003	4	2	3	6	1	5	3	6	25000	23000	24358	414100
"779"	"Bundesliga"	10	126	"SC_Freiburg"	2004	2	2	2	6	1	3	7	15	25000	19000	22541	383200
"780"	"Bundesliga"	10	126	"SC_Freiburg"	2009	3	4	4	6	2	4	4	12	24000	19300	22976	390600
"781"	"Bundesliga"	10	126	"SC_Freiburg"	2010	3	2	3	3	3	6	4	4	24500	19200	23047	391800
"782"	"Bundesliga"	10	126	"SC_Freiburg"	2011	4	3	3	7	3	10	3	5	24000	19600	22617	384500
"783"	"Bundesliga"	10	126	"SC_Freiburg"	2012	5	3	3	4	3	4	2	4	24000	21200	23276	395700
"784"	"Bundesliga"	10	126	"SC_Freiburg"	2013	4	4	3	5	2	4	3	10	24000	22000	23394	397700
"785"	"Bundesliga"	10	126	"SC_Freiburg"	2014	4	3	3	3	2	2	3	9	24000	23500	23850	405450
"786"	"Bundesliga"	10	126	"SC_Freiburg"	2016	3	3	2	4	2	4	3	3	24000	23500	23958	407300
"787"	"Bundesliga"	10	137	"Werder_Bremen"	2001	4	4	4	3	6	8	3	5	36500	22000	29967	509445
"788"	"Bundesliga"	10	137	"Werder_Bremen"	2002	5	4	3	3	4	7	5	7	40200	25785	32759	556910
"789"	"Bundesliga"	10	137	"Werder_Bremen"	2003	6	5	6	4	4	30	2	2	53500	23000	37075	630282
"790"	"Bundesliga"	10	137	"Werder_Bremen"	2004	4	6	6	2	5	5	2	4	43000	37000	40182	683109
"791"	"Bundesliga"	10	137	"Werder_Bremen"	2005	6	5	6	3	3	9	2	3	42500	35000	39340	511428
"792"	"Bundesliga"	10	137	"Werder_Bremen"	2006	3	6	6	3	6	8	3	3	NA	NA	NA	NA
"793"	"Bundesliga"	10	137	"Werder_Bremen"	2007	8	3	7	4	4	10	2	4	42100	38000	40426	282987
"794"	"Bundesliga"	10	137	"Werder_Bremen"	2008	5	5	5	4	3	3	2	4	42100	32100	39919	678637
"795"	"Bundesliga"	10	137	"Werder_Bremen"	2009	4	6	6	2	4	12	5	7	41150	32875	35810	608774
"796"	"Bundesliga"	10	137	"Werder_Bremen"	2010	4	4	3	6	2	8	2	5	40600	32000	37464	636897
"797"	"Bundesliga"	10	137	"Werder_Bremen"	2011	5	3	3	5	3	5	4	9	42100	39124	40851	694473
"798"	"Bundesliga"	10	137	"Werder_Bremen"	2012	4	4	4	5	2	3	3	13	42100	37231	40640	690895
"799"	"Bundesliga"	10	137	"Werder_Bremen"	2013	3	4	2	7	2	4	3	5	42100	37270	40656	691162
"800"	"Bundesliga"	10	137	"Werder_Bremen"	2014	4	3	4	6	5	5	3	9	42100	38900	40905	695396
"801"	"Bundesliga"	10	137	"Werder_Bremen"	2015	6	4	4	6	2	3	5	5	42100	38416	40935	695896
"802"	"Bundesliga"	10	137	"Werder_Bremen"	2016	3	5	3	6	3	11	4	6	42100	37108	40880	694974
"803"	"Bundesliga"	10	268	"Borussia_Monchengladbach"	2001	4	3	4	5	3	3	2	10	34500	25000	29773	476371
"804"	"Bundesliga"	10	268	"Borussia_Monchengladbach"	2002	4	2	3	4	2	7	3	7	34500	23200	29079	494350
"805"	"Bundesliga"	10	268	"Borussia_Monchengladbach"	2003	3	3	3	3	2	3	4	12	34500	28400	32276	548700
"806"	"Bundesliga"	10	268	"Borussia_Monchengladbach"	2004	3	2	2	6	1	4	3	4	53466	24771	47295	804016
"807"	"Bundesliga"	10	268	"Borussia_Monchengladbach"	2005	4	2	3	3	3	5	2	7	54019	35000	46832	749324
"808"	"Bundesliga"	10	268	"Borussia_Monchengladbach"	2006	3	2	2	3	1	2	4	11	52000	52000	52000	52000
"809"	"Bundesliga"	10	268	"Borussia_Monchengladbach"	2008	4	4	3	5	2	3	5	6	54067	36454	47527	807959
"810"	"Bundesliga"	10	268	"Borussia_Monchengladbach"	2009	5	3	2	5	2	5	5	5	54067	34297	46203	785467
"811"	"Bundesliga"	10	268	"Borussia_Monchengladbach"	2010	5	6	4	7	3	3	5	8	54057	35350	45183	768112
"812"	"Bundesliga"	10	268	"Borussia_Monchengladbach"	2011	5	3	5	2	4	6	2	3	54057	43224	51846	881384
"813"	"Bundesliga"	10	268	"Borussia_Monchengladbach"	2012	3	4	2	5	1	7	2	5	54010	40165	49623	843591
"814"	"Bundesliga"	10	268	"Borussia_Monchengladbach"	2013	4	2	3	2	6	6	3	9	54010	46089	52238	888062
"815"	"Bundesliga"	10	268	"Borussia_Monchengladbach"	2014	4	4	3	2	4	13	3	3	54010	37091	50659	861218
"816"	"Bundesliga"	10	268	"Borussia_Monchengladbach"	2015	5	5	5	5	6	10	5	5	54010	40511	51715	879159
"817"	"Bundesliga"	10	268	"Borussia_Monchengladbach"	2016	4	3	3	4	3	4	2	8	54014	44347	51494	875400
"818"	"Bundesliga"	10	133	"Schalke_04"	2000	4	4	4	3	3	4	1	3	NA	NA	NA	NA
"819"	"Bundesliga"	10	133	"Schalke_05"	2001	5	3	4	3	3	8	2	2	60683	60000	60377	966037
"820"	"Bundesliga"	10	133	"Schalke_06"	2002	3	3	3	3	2	8	2	6	60886	58645	60563	1029571
"821"	"Bundesliga"	10	133	"Schalke_07"	2003	4	3	3	3	2	12	3	3	63000	59775	61192	979077
"822"	"Bundesliga"	10	133	"Schalke_08"	2004	4	3	3	3	5	7	3	3	61524	60000	61247	979953
"823"	"Bundesliga"	10	133	"Schalke_09"	2005	7	2	3	3	4	10	1	5	61524	60729	61177	734132
"824"	"Bundesliga"	10	133	"Schalke_10"	2006	4	4	4	3	6	12	2	3	61482	61482	61482	61482
"825"	"Bundesliga"	10	133	"Schalke_11"	2007	5	3	5	4	3	8	3	4	61482	61000	61344	429410
"826"	"Bundesliga"	10	133	"Schalke_12"	2008	4	3	4	2	4	5	3	5	61673	60300	61307	1042220
"827"	"Bundesliga"	10	133	"Schalke_13"	2009	3	4	3	2	4	8	2	2	61673	60150	61259	1041409
"828"	"Bundesliga"	10	133	"Schalke_14"	2010	4	2	4	5	3	3	4	5	61673	60000	61248	1041220
"829"	"Bundesliga"	10	133	"Schalke_15"	2011	5	4	5	3	5	5	2	2	61673	58641	61139	1039368
"830"	"Bundesliga"	10	133	"Schalke_16"	2012	5	4	3	4	3	5	2	6	61673	59116	61076	1038293
"831"	"Bundesliga"	10	133	"Schalke_17"	2013	4	3	4	4	4	7	2	3	61973	60604	61569	1046677
"832"	"Bundesliga"	10	133	"Schalke_18"	2014	4	4	4	3	3	5	1	6	61973	60607	61577	1046822
"833"	"Bundesliga"	10	133	"Schalke_19"	2015	3	4	3	3	4	4	2	4	62271	60083	61385	1043559
"834"	"Bundesliga"	10	133	"Schalke_20"	2016	4	4	4	3	3	7	5	5	62271	58004	60703	1031953
"835"	"Bundesliga"	10	125	"Eintracht_Frankfurt"	2000	3	2	3	5	2	2	6	6	NA	NA	NA	NA
"836"	"Bundesliga"	10	125	"Eintracht_Frankfurt"	2003	3	2	3	3	2	6	5	5	55300	19000	28311	481300
"837"	"Bundesliga"	10	125	"Eintracht_Frankfurt"	2005	6	3	3	3	2	7	3	8	52000	30000	47400	474000
"838"	"Bundesliga"	10	125	"Eintracht_Frankfurt"	2006	4	4	4	4	2	4	3	8	NA	NA	NA	NA
"839"	"Bundesliga"	10	125	"Eintracht_Frankfurt"	2007	4	3	3	4	3	5	3	7	51500	43000	48625	389000
"840"	"Bundesliga"	10	125	"Eintracht_Frankfurt"	2008	4	3	4	5	2	4	3	7	51500	35600	46852	796500
"841"	"Bundesliga"	10	125	"Eintracht_Frankfurt"	2009	3	3	2	4	3	5	3	5	51500	35000	47211	802600
"842"	"Bundesliga"	10	125	"Eintracht_Frankfurt"	2010	3	4	4	4	3	6	3	9	51500	39300	47335	804700
"843"	"Bundesliga"	10	125	"Eintracht_Frankfurt"	2012	4	4	4	4	4	6	2	6	51500	27950	48044	816750
"844"	"Bundesliga"	10	125	"Eintracht_Frankfurt"	2013	3	5	3	5	2	3	3	10	51500	40500	47052	799900
"845"	"Bundesliga"	10	125	"Eintracht_Frankfurt"	2014	5	3	4	4	3	4	4	6	51500	34400	47617	809500
"846"	"Bundesliga"	10	125	"Eintracht_Frankfurt"	2015	6	4	4	4	3	3	4	8	51500	35000	46676	793500
"847"	"Bundesliga"	10	125	"Eintracht_Frankfurt"	2016	3	3	3	3	3	6	5	10	51500	43000	49176	836000
"848"	"Bundesliga"	10	131	"Bayer_Leverkusen"	2000	4	3	4	3	4	8	3	3	NA	NA	NA	NA
"849"	"Bundesliga"	10	131	"Bayer_Leverkusen"	2001	5	4	5	2	7	14	2	4	22500	21000	22406	358500
"850"	"Bundesliga"	10	131	"Bayer_Leverkusen"	2002	4	3	3	3	2	3	3	7	23000	22000	22500	382500
"851"	"Bundesliga"	10	131	"Bayer_Leverkusen"	2003	6	6	6	2	3	12	3	7	32500	20500	23192	371086
"852"	"Bundesliga"	10	131	"Bayer_Leverkusen"	2004	5	4	4	3	2	6	2	3	22500	22000	22470	382000
"853"	"Bundesliga"	10	131	"Bayer_Leverkusen"	2005	5	5	4	3	6	6	2	4	22500	22500	22500	315000
"854"	"Bundesliga"	10	131	"Bayer_Leverkusen"	2006	3	3	3	3	3	5	2	4	20000	20000	20000	20000
"855"	"Bundesliga"	10	131	"Bayer_Leverkusen"	2007	4	3	4	3	5	5	3	4	22500	20000	22222	2e+05
"856"	"Bundesliga"	10	131	"Bayer_Leverkusen"	2008	5	4	5	3	4	6	2	4	43900	19500	27061	460050
"857"	"Bundesliga"	10	131	"Bayer_Leverkusen"	2009	4	5	5	3	4	22	3	5	30231	26000	29220	496748
"858"	"Bundesliga"	10	131	"Bayer_Leverkusen"	2010	4	4	3	4	5	8	1	2	30210	22421	28627	486674
"859"	"Bundesliga"	10	131	"Bayer_Leverkusen"	2011	4	4	3	3	3	6	4	4	30210	23368	28633	486770
"860"	"Bundesliga"	10	131	"Bayer_Leverkusen"	2012	5	4	5	3	5	8	2	2	30210	22784	28119	478039
"861"	"Bundesliga"	10	131	"Bayer_Leverkusen"	2013	5	4	3	2	4	6	3	6	30210	25198	28452	483689
"862"	"Bundesliga"	10	131	"Bayer_Leverkusen"	2014	5	3	4	3	7	10	2	2	30210	23081	29311	498293
"863"	"Bundesliga"	10	131	"Bayer_Leverkusen"	2015	5	3	5	3	7	8	3	3	30210	24805	29085	494446
"864"	"Bundesliga"	10	131	"Bayer_Leverkusen"	2016	3	6	4	4	2	3	2	4	30210	24097	28427	483269
"865"	"Bundesliga"	10	3841	"FC_Augsburg"	2011	3	2	3	4	1	6	3	8	30660	29110	30220	513746
"866"	"Bundesliga"	10	3841	"FC_Augsburg"	2012	3	3	3	3	2	2	4	9	30660	25211	29078	494334
"867"	"Bundesliga"	10	3841	"FC_Augsburg"	2013	4	4	3	4	3	8	3	5	30660	27114	29295	498018
"868"	"Bundesliga"	10	3841	"FC_Augsburg"	2014	4	3	3	4	4	4	2	4	30660	27090	29163	495779
"869"	"Bundesliga"	10	3841	"FC_Augsburg"	2015	3	4	4	4	3	5	2	7	30660	27081	29017	493290
"870"	"Bundesliga"	10	3841	"FC_Augsburg"	2016	4	2	4	6	2	2	3	6	30660	24515	28172	478931
"871"	"Bundesliga"	10	127	"Hamburg_SV"	2000	5	3	5	2	2	3	4	4	NA	NA	NA	NA
"872"	"Bundesliga"	10	127	"Hamburg_SV"	2001	5	4	4	6	2	5	2	6	55000	27517	43731	743436
"873"	"Bundesliga"	10	127	"Hamburg_SV"	2002	4	3	4	3	2	15	3	3	55506	34075	45627	775666
"874"	"Bundesliga"	10	127	"Hamburg_SV"	2003	4	3	3	6	2	6	3	5	55500	41017	48635	778173
"875"	"Bundesliga"	10	127	"Hamburg_SV"	2004	4	6	6	3	4	4	2	4	59016	36487	49492	841366
"876"	"Bundesliga"	10	127	"Hamburg_SV"	2005	3	3	3	2	4	10	2	3	65800	44460	53298	906077
"877"	"Bundesliga"	10	127	"Hamburg_SV"	2006	4	3	4	3	4	7	2	12	NA	NA	NA	NA
"878"	"Bundesliga"	10	127	"Hamburg_SV"	2007	7	3	7	2	4	9	2	6	57000	50000	54777	493000
"879"	"Bundesliga"	10	127	"Hamburg_SV"	2008	3	4	2	3	3	5	2	3	57000	47942	54768	931065
"880"	"Bundesliga"	10	127	"Hamburg_SV"	2009	4	4	4	4	4	8	2	5	57000	51448	55240	939088
"881"	"Bundesliga"	10	127	"Hamburg_SV"	2010	6	3	4	6	3	3	2	5	57000	49462	54445	925579
"882"	"Bundesliga"	10	127	"Hamburg_SV"	2011	3	2	2	5	1	7	4	6	57000	45473	53635	911810
"883"	"Bundesliga"	10	127	"Hamburg_SV"	2012	3	4	3	7	2	4	3	3	57000	47127	52916	899574
"884"	"Bundesliga"	10	127	"Hamburg_SV"	2013	4	5	5	4	1	4	7	8	57000	44629	51825	881027
"885"	"Bundesliga"	10	127	"Hamburg_SV"	2014	3	3	3	8	2	2	5	9	57000	45968	53251	905278
"886"	"Bundesliga"	10	127	"Hamburg_SV"	2015	3	3	3	5	2	3	3	5	57000	46136	53699	912899
"887"	"Bundesliga"	10	127	"Hamburg_SV"	2016	2	3	3	8	2	4	5	10	57000	44445	52341	889798
"888"	"Bundesliga"	10	2950	"Mainz"	2004	5	6	5	3	2	7	7	9	43000	18700	21900	372300
"889"	"Bundesliga"	10	2950	"Mainz"	2005	5	3	4	3	2	6	5	7	22000	19100	20246	263200
"890"	"Bundesliga"	10	2950	"Mainz"	2006	4	2	3	5	3	6	4	16	20300	20300	20300	40600
"891"	"Bundesliga"	10	2950	"Mainz"	2009	3	3	3	3	2	3	3	6	23300	19000	20255	344350
"892"	"Bundesliga"	10	2950	"Mainz"	2010	4	4	3	2	7	7	3	4	20300	18900	20170	342900
"893"	"Bundesliga"	10	2950	"Mainz"	2011	4	3	4	4	2	5	3	9	34034	30173	32912	559504
"894"	"Bundesliga"	10	2950	"Mainz"	2012	3	3	3	3	2	5	3	8	34000	27175	31151	529579
"895"	"Bundesliga"	10	2950	"Mainz"	2013	3	4	3	3	3	5	4	6	34000	25187	30983	526722
"896"	"Bundesliga"	10	2950	"Mainz"	2014	5	3	5	3	2	8	2	9	34000	26756	30965	526410
"897"	"Bundesliga"	10	2950	"Mainz"	2015	4	3	3	3	3	5	2	3	34000	26331	31053	527901
"898"	"Bundesliga"	10	2950	"Mainz"	2016	4	3	2	4	2	3	5	6	34000	23371	29095	494627
"899"	"Bundesliga"	10	138	"Vfl_Wolfsburg"	2000	6	3	6	2	2	3	2	5	NA	NA	NA	NA
"900"	"Bundesliga"	10	138	"Vfl_Wolfsburg"	2001	5	4	5	4	2	5	2	7	20400	10612	14669	234706
"901"	"Bundesliga"	10	138	"Vfl_Wolfsburg"	2002	3	2	2	2	2	5	2	5	30000	11612	19418	330117
"902"	"Bundesliga"	10	138	"Vfl_Wolfsburg"	2003	5	3	4	4	3	3	4	6	30000	13821	23047	391803
"903"	"Bundesliga"	10	138	"Vfl_Wolfsburg"	2004	5	2	5	4	5	5	4	4	30000	16378	23687	402684
"904"	"Bundesliga"	10	138	"Vfl_Wolfsburg"	2005	2	4	2	5	2	3	4	10	30000	13996	22067	375145
"905"	"Bundesliga"	10	138	"Vfl_Wolfsburg"	2006	3	2	2	2	3	4	4	7	NA	NA	NA	NA
"906"	"Bundesliga"	10	138	"Vfl_Wolfsburg"	2007	4	4	4	2	4	6	3	5	30000	18000	24125	193000
"907"	"Bundesliga"	10	138	"Vfl_Wolfsburg"	2008	5	5	5	3	10	11	1	1	30300	22000	27181	434896
"908"	"Bundesliga"	10	138	"Vfl_Wolfsburg"	2009	4	4	4	4	4	7	3	10	30000	23000	28948	492128
"909"	"Bundesliga"	10	138	"Vfl_Wolfsburg"	2010	4	3	3	3	3	8	4	5	30000	24512	28909	491454
"910"	"Bundesliga"	10	138	"Vfl_Wolfsburg"	2011	4	4	3	4	4	5	3	3	30000	23057	27614	469446
"911"	"Bundesliga"	10	138	"Vfl_Wolfsburg"	2012	3	5	3	4	2	7	4	7	30000	22257	26646	452992
"912"	"Bundesliga"	10	138	"Vfl_Wolfsburg"	2013	4	3	4	5	4	8	2	3	30000	23520	28022	476374
"913"	"Bundesliga"	10	138	"Vfl_Wolfsburg"	2014	4	5	4	1	6	11	1	2	30000	25000	28156	478653
"914"	"Bundesliga"	10	138	"Vfl_Wolfsburg"	2015	6	4	6	4	3	5	3	7	30000	26422	28945	492067
"915"	"Bundesliga"	10	138	"Vfl_Wolfsburg"	2016	3	3	3	6	3	3	3	8	30000	23148	27586	468962
"916"	"Bundesliga"	10	6367	"FC_Ingolstadt_04"	2015	3	2	3	4	2	3	3	5	15617	13500	14836	252215
"917"	"Bundesliga"	10	6367	"FC_Ingolstadt_05"	2016	3	3	2	3	3	3	6	10	15200	13521	14600	248209
"918"	"Bundesliga"	10	3812	"SV_Darmstadt_98"	2015	2	2	2	4	2	6	2	4	17000	14800	16647	283000
"919"	"Bundesliga"	10	3812	"SV_Darmstadt_99"	2016	3	2	3	6	3	3	8	11	17400	15000	16794	285500
"920"	"EPL"	23	363	"Chelsea"	2001	5	3	4	3	3	7	1	3	41725	33504	39030	741579
"921"	"EPL"	23	363	"Chelsea"	2002	5	3	5	2	4	10	2	3	41911	35237	39784	755896
"922"	"EPL"	23	363	"Chelsea"	2003	5	5	5	2	5	7	1	4	41932	40491	41234	783451
"923"	"EPL"	23	363	"Chelsea"	2004	4	4	4	1	4	32	1	1	42328	40864	41870	795534
"924"	"EPL"	23	363	"Chelsea"	2005	5	4	4	3	6	17	2	2	42321	40652	41901	796131
"925"	"EPL"	23	363	"Chelsea"	2006	4	4	4	2	9	13	1	1	41953	38000	41541	789294
"926"	"EPL"	23	363	"Chelsea"	2007	6	4	6	2	5	24	1	3	41837	39447	41397	786549
"927"	"EPL"	23	363	"Chelsea"	2008	5	5	5	3	5	8	1	2	43417	40280	41588	790172
"928"	"EPL"	23	363	"Chelsea"	2009	8	5	8	2	6	10	1	1	41836	40137	41422	787029
"929"	"EPL"	23	363	"Chelsea"	2010	6	6	6	3	5	10	2	6	41829	40734	41435	787271
"930"	"EPL"	23	363	"Chelsea"	2011	6	5	5	3	3	6	2	4	41830	40651	41478	788089
"931"	"EPL"	23	363	"Chelsea"	2012	8	4	8	2	4	8	1	7	41794	38484	41462	787786
"932"	"EPL"	23	363	"Chelsea"	2013	6	4	6	2	5	14	1	2	41623	41111	41481	788153
"933"	"EPL"	23	363	"Chelsea"	2014	4	6	5	3	4	15	1	2	41629	41098	41546	789376
"934"	"EPL"	23	363	"Chelsea"	2015	5	4	4	3	3	15	3	3	41642	40945	41500	788506
"935"	"EPL"	23	363	"Chelsea"	2016	5	3	5	3	13	13	2	3	41622	41168	41507	788645
"936"	"EPL"	23	367	"Tottenham_Hotspur"	2001	4	2	4	4	3	5	2	4	36083	29602	35000	665015
"937"	"EPL"	23	367	"Tottenham_Hotspur"	2002	4	3	3	4	3	6	3	7	36084	34704	35897	682049
"938"	"EPL"	23	367	"Tottenham_Hotspur"	2003	5	4	3	4	3	3	4	9	36137	30016	34876	662645
"939"	"EPL"	23	367	"Tottenham_Hotspur"	2004	5	2	4	3	5	8	6	6	36105	35105	35872	681585
"940"	"EPL"	23	367	"Tottenham_Hotspur"	2005	3	3	2	2	3	9	1	4	36247	35427	36073	685399
"941"	"EPL"	23	367	"Tottenham_Hotspur"	2006	5	4	4	4	5	6	2	6	36170	34154	35739	679043
"942"	"EPL"	23	367	"Tottenham_Hotspur"	2007	6	3	4	3	2	5	2	8	36178	35504	35966	683370
"943"	"EPL"	23	367	"Tottenham_Hotspur"	2008	4	4	4	3	2	6	3	8	36183	35507	35928	682646
"944"	"EPL"	23	367	"Tottenham_Hotspur"	2009	9	5	8	3	5	5	2	3	36041	35318	35794	680091
"945"	"EPL"	23	367	"Tottenham_Hotspur"	2010	4	3	2	2	3	9	2	5	36197	32702	35703	678368
"946"	"EPL"	23	367	"Tottenham_Hotspur"	2011	5	4	5	4	6	11	3	3	36274	35172	36026	684501
"947"	"EPL"	23	367	"Tottenham_Hotspur"	2012	3	4	4	3	4	12	3	3	36244	35534	36029	684566
"948"	"EPL"	23	367	"Tottenham_Hotspur"	2013	5	4	4	6	4	6	2	3	36102	34410	35808	680360
"949"	"EPL"	23	367	"Tottenham_Hotspur"	2014	5	3	4	3	3	6	2	3	36130	34008	35727	678824
"950"	"EPL"	23	367	"Tottenham_Hotspur"	2015	4	5	4	4	6	12	2	4	36084	34882	35775	679741
"951"	"EPL"	23	367	"Tottenham_Hotspur"	2016	5	7	6	2	9	12	1	1	31962	31211	31639	601143
"952"	"EPL"	23	382	"Manchester_City"	2002	4	3	3	5	3	4	3	6	35131	33260	34564	656730
"953"	"EPL"	23	382	"Manchester_City"	2003	6	3	4	3	1	3	3	14	47304	44307	46834	889854
"954"	"EPL"	23	382	"Manchester_City"	2004	4	3	4	2	2	7	2	6	47221	42453	45192	858655
"955"	"EPL"	23	382	"Manchester_City"	2005	4	5	3	2	3	4	3	7	47192	40256	42856	814269
"956"	"EPL"	23	382	"Manchester_City"	2006	3	3	2	4	3	4	5	6	47244	35776	39997	759946
"957"	"EPL"	23	382	"Manchester_City"	2007	4	3	2	7	3	5	3	4	47321	38261	42126	800400
"958"	"EPL"	23	382	"Manchester_City"	2008	6	3	6	2	3	4	3	4	47331	36635	42900	815105
"959"	"EPL"	23	382	"Manchester_City"	2009	5	6	5	3	4	9	1	2	47370	40292	45512	864740
"960"	"EPL"	23	382	"Manchester_City"	2010	5	4	5	3	4	7	2	2	47393	43077	45880	871726
"961"	"EPL"	23	382	"Manchester_City"	2011	5	6	5	1	7	14	1	3	48000	46321	47044	893851
"962"	"EPL"	23	382	"Manchester_City"	2012	5	4	5	2	4	14	1	3	47386	45579	46974	892506
"963"	"EPL"	23	382	"Manchester_City"	2013	7	5	7	1	8	12	1	1	47364	46559	47080	894527
"964"	"EPL"	23	382	"Manchester_City"	2014	6	4	6	2	7	11	2	2	45919	44564	45365	861939
"965"	"EPL"	23	382	"Manchester_City"	2015	6	4	5	3	5	7	3	3	54693	53052	54040	1026776
"966"	"EPL"	23	382	"Manchester_City"	2016	5	5	5	4	6	8	2	4	54512	51527	54018	1026358
"967"	"EPL"	23	364	"Liverpool"	2001	5	6	6	4	4	17	2	3	44371	37153	43388	824385
"968"	"EPL"	23	364	"Liverpool"	2002	3	6	6	4	7	12	4	11	44250	41462	43242	821612
"969"	"EPL"	23	364	"Liverpool"	2003	4	3	4	2	3	5	3	3	44374	34663	42677	810867
"970"	"EPL"	23	364	"Liverpool"	2004	3	5	5	2	3	5	2	4	44224	35064	42586	809148
"971"	"EPL"	23	364	"Liverpool"	2005	5	3	4	3	7	14	2	8	44983	42293	44236	840491
"972"	"EPL"	23	364	"Liverpool"	2006	4	4	4	3	5	7	2	3	44403	41370	43561	827660
"973"	"EPL"	23	364	"Liverpool"	2007	6	3	6	3	5	14	2	5	44459	42308	43532	827111
"974"	"EPL"	23	364	"Liverpool"	2008	5	5	5	2	5	14	1	2	44424	41169	43611	828610
"975"	"EPL"	23	364	"Liverpool"	2009	6	4	5	2	4	7	2	2	44392	37697	42863	814411
"976"	"EPL"	23	364	"Liverpool"	2010	5	5	5	3	4	5	2	5	44923	35400	42820	813584
"977"	"EPL"	23	364	"Liverpool"	2011	4	3	3	4	2	7	3	4	45071	40106	44253	840808
"978"	"EPL"	23	364	"Liverpool"	2012	5	6	6	3	3	8	1	5	45009	44228	44748	850224
"979"	"EPL"	23	364	"Liverpool"	2013	5	6	5	2	11	16	2	2	44822	44411	44671	848750
"980"	"EPL"	23	364	"Liverpool"	2014	4	3	3	5	5	13	3	4	44736	44405	44658	848519
"981"	"EPL"	23	364	"Liverpool"	2015	4	6	6	3	3	6	2	3	44228	43210	43909	834285
"982"	"EPL"	23	364	"Liverpool"	2016	6	4	5	2	4	11	1	5	53292	51232	53016	1007311
"983"	"EPL"	23	359	"Arsenal"	2001	4	4	4	2	4	29	1	3	38254	37878	38054	723036
"984"	"EPL"	23	359	"Arsenal"	2002	6	5	5	2	5	17	2	4	38164	37878	38041	722795
"985"	"EPL"	23	359	"Arsenal"	2004	7	5	7	2	5	17	1	2	38164	37010	37979	721602
"986"	"EPL"	23	359	"Arsenal"	2005	7	4	7	2	3	8	2	4	38359	37867	38184	725499
"987"	"EPL"	23	359	"Arsenal"	2006	6	4	4	3	5	7	3	3	60132	59912	60045	1140863
"988"	"EPL"	23	359	"Arsenal"	2007	5	6	5	1	7	14	1	5	60161	59442	60070	1141335
"989"	"EPL"	23	359	"Arsenal"	2008	4	4	4	3	5	21	2	2	60109	59317	60039	1140755
"990"	"EPL"	23	359	"Arsenal"	2009	6	6	5	3	6	9	2	4	60103	59084	59927	1138613
"991"	"EPL"	23	359	"Arsenal"	2010	6	4	6	2	3	14	2	3	60112	59552	60025	1140480
"992"	"EPL"	23	359	"Arsenal"	2011	7	5	6	6	7	8	3	3	60111	59643	60000	1140006
"993"	"EPL"	23	359	"Arsenal"	2012	7	5	5	2	4	10	2	3	60112	59872	60079	1141507
"994"	"EPL"	23	359	"Arsenal"	2013	4	3	3	6	5	9	1	4	60071	59937	60013	1140251
"995"	"EPL"	23	359	"Arsenal"	2014	5	3	5	2	8	10	2	2	60081	59900	59991	1139843
"996"	"EPL"	23	359	"Arsenal"	2015	4	5	4	4	5	10	2	3	60084	59257	59943	1138934
"997"	"EPL"	23	359	"Arsenal"	2016	3	5	4	3	6	14	2	2	60055	59510	59956	1139177
"998"	"EPL"	23	360	"Manchester_United"	2001	6	5	5	3	8	8	3	3	67683	67534	67586	1284134
"999"	"EPL"	23	360	"Manchester_United"	2002	5	6	4	2	5	24	2	3	67721	67135	67601	1284434
"1000"	"EPL"	23	360	"Manchester_United"	2003	4	4	4	3	6	6	2	4	67758	67346	67640	1285175
"1001"	"EPL"	23	360	"Manchester_United"	2004	5	4	4	2	4	21	1	4	67989	67704	67870	1289541
"1002"	"EPL"	23	360	"Manchester_United"	2005	4	3	4	3	3	18	1	4	73006	67684	68764	1306528
"1003"	"EPL"	23	360	"Manchester_United"	2006	5	4	4	1	7	13	1	2	76098	75115	75826	1440694
"1004"	"EPL"	23	360	"Manchester_United"	2007	6	5	6	1	8	10	1	3	76013	75055	75691	1438136
"1005"	"EPL"	23	360	"Manchester_United"	2008	5	5	5	3	11	16	2	2	75569	73917	75304	1430776
"1006"	"EPL"	23	360	"Manchester_United"	2009	5	5	5	3	5	7	1	2	75316	73709	74864	1422424
"1007"	"EPL"	23	360	"Manchester_United"	2010	7	4	6	2	4	24	2	2	75486	73401	75109	1427077
"1008"	"EPL"	23	360	"Manchester_United"	2011	8	5	6	5	8	12	2	2	75627	74719	75387	1432358
"1009"	"EPL"	23	360	"Manchester_United"	2012	4	5	4	1	7	18	1	2	75605	75142	75529	1435063
"1010"	"EPL"	23	360	"Manchester_United"	2013	4	4	4	3	4	5	2	4	75368	74966	75206	1428928
"1011"	"EPL"	23	360	"Manchester_United"	2014	4	3	4	3	6	8	3	3	75454	75112	75334	1431362
"1012"	"EPL"	23	360	"Manchester_United"	2015	3	3	3	3	3	5	3	5	75415	74363	75278	1430299
"1013"	"EPL"	23	360	"Manchester_United"	2016	4	3	3	4	6	23	2	4	75397	75245	75289	1430502
"1014"	"EPL"	23	368	"Everton"	2001	5	4	5	4	2	4	5	9	39948	28138	34003	646067
"1015"	"EPL"	23	368	"Everton"	2002	2	3	2	3	3	8	2	6	40168	32240	38480	731134
"1016"	"EPL"	23	368	"Everton"	2003	4	3	4	4	2	3	4	7	40228	35775	38837	737912
"1017"	"EPL"	23	368	"Everton"	2004	4	3	4	7	3	7	2	6	40552	32406	36834	699846
"1018"	"EPL"	23	368	"Everton"	2005	4	2	3	4	4	7	4	8	40158	34333	36860	700347
"1019"	"EPL"	23	368	"Everton"	2006	4	3	3	3	2	7	2	4	40004	32968	36738	698040
"1020"	"EPL"	23	368	"Everton"	2007	7	3	6	3	4	9	2	5	40049	31885	36954	702142
"1021"	"EPL"	23	368	"Everton"	2008	4	3	4	3	3	5	1	4	39574	31063	35667	677679
"1022"	"EPL"	23	368	"Everton"	2009	5	3	4	5	3	11	3	3	39652	32163	36725	697775
"1023"	"EPL"	23	368	"Everton"	2010	5	3	3	3	2	7	1	5	39673	31808	36038	684738
"1024"	"EPL"	23	368	"Everton"	2011	4	4	4	3	2	9	3	3	39517	29561	33228	631333
"1025"	"EPL"	23	368	"Everton"	2012	3	3	3	2	3	8	2	3	39613	31376	36355	690763
"1026"	"EPL"	23	368	"Everton"	2013	4	3	4	4	7	10	2	2	39576	33495	37731	716902
"1027"	"EPL"	23	368	"Everton"	2014	3	3	3	3	3	6	4	5	39621	34035	38405	729711
"1028"	"EPL"	23	368	"Everton"	2015	6	3	4	4	2	4	3	7	39598	35736	38124	724356
"1029"	"EPL"	23	368	"Everton"	2016	6	3	4	5	4	9	2	5	39595	38550	39310	746890
"1030"	"EPL"	23	376	"Southampton"	2001	3	4	4	5	2	2	3	6	31973	26794	30632	582019
"1031"	"EPL"	23	376	"Southampton"	2002	4	2	2	5	3	8	3	4	32104	25714	30680	582928
"1032"	"EPL"	23	376	"Southampton"	2003	3	4	3	4	3	6	2	5	32151	30513	31717	570909
"1033"	"EPL"	23	376	"Southampton"	2004	4	3	2	4	1	8	3	11	32066	27343	30609	581583
"1034"	"EPL"	23	376	"Southampton"	2012	4	3	3	5	3	4	4	5	32070	28004	30873	586602
"1035"	"EPL"	23	376	"Southampton"	2013	4	3	4	3	3	8	3	6	31659	27987	30211	574020
"1036"	"EPL"	23	376	"Southampton"	2014	8	3	8	3	4	6	4	5	31723	27598	30652	582395
"1037"	"EPL"	23	376	"Southampton"	2015	4	4	4	3	4	6	2	5	31688	28399	30750	584266
"1038"	"EPL"	23	376	"Southampton"	2016	3	4	4	3	2	4	4	5	31891	28976	30936	587787
"1039"	"EPL"	23	349	"AFC_Bournemouth"	2015	3	4	3	4	3	5	4	6	11386	10863	11188	212586
"1040"	"EPL"	23	349	"AFC_Bournemouth"	2016	6	3	5	4	2	4	4	7	11388	10890	11182	212464
"1041"	"EPL"	23	383	"West_Bromwich_Albion"	2002	2	2	1	6	3	3	4	10	27129	25170	26730	507888
"1042"	"EPL"	23	383	"West_Bromwich_Albion"	2004	2	4	3	5	1	4	5	16	27751	23849	25986	493746
"1043"	"EPL"	23	383	"West_Bromwich_Albion"	2005	4	2	4	5	1	5	3	16	27623	23144	25403	482667
"1044"	"EPL"	23	383	"West_Bromwich_Albion"	2008	3	2	3	5	2	2	4	11	26344	24741	25827	490726
"1045"	"EPL"	23	383	"West_Bromwich_Albion"	2010	3	4	3	6	2	7	5	5	26196	22846	24682	468976
"1046"	"EPL"	23	383	"West_Bromwich_Albion"	2011	4	5	4	4	3	4	3	4	26358	22474	24798	471165
"1047"	"EPL"	23	383	"West_Bromwich_Albion"	2012	5	4	3	4	4	4	3	6	26438	23854	25359	481838
"1048"	"EPL"	23	383	"West_Bromwich_Albion"	2013	3	3	3	3	2	4	4	8	26613	22943	25193	478678
"1049"	"EPL"	23	383	"West_Bromwich_Albion"	2014	4	2	4	3	2	5	4	4	26768	23516	25063	476211
"1050"	"EPL"	23	383	"West_Bromwich_Albion"	2015	3	2	1	3	2	4	3	7	26313	22062	24631	467995
"1051"	"EPL"	23	383	"West_Bromwich_Albion"	2016	4	2	4	4	2	5	4	9	26308	21467	23876	453646
"1052"	"EPL"	23	371	"West_Ham_United"	2001	4	4	4	6	3	6	2	4	35546	24517	31570	599830
"1053"	"EPL"	23	371	"West_Ham_United"	2002	3	3	2	4	2	5	3	17	35550	28844	34432	654209
"1054"	"EPL"	23	371	"West_Ham_United"	2005	4	3	4	3	3	7	3	5	34970	29582	33742	641109
"1055"	"EPL"	23	371	"West_Ham_United"	2006	3	3	3	6	4	4	5	11	34977	33805	34719	659663
"1056"	"EPL"	23	371	"West_Ham_United"	2007	3	5	5	4	2	4	3	5	34980	33629	34601	657423
"1057"	"EPL"	23	371	"West_Ham_United"	2008	4	4	3	3	2	5	4	6	40842	31353	34226	650307
"1058"	"EPL"	23	371	"West_Ham_United"	2009	5	3	3	4	2	3	6	7	34989	30024	33683	639983
"1059"	"EPL"	23	371	"West_Ham_United"	2010	3	3	3	5	2	4	5	9	34941	31194	33426	601685
"1060"	"EPL"	23	371	"West_Ham_United"	2012	4	2	3	4	1	5	2	4	35005	33052	34719	659677
"1061"	"EPL"	23	371	"West_Ham_United"	2013	3	3	3	3	4	5	4	7	35153	31033	34196	649741
"1062"	"EPL"	23	371	"West_Ham_United"	2014	3	3	3	3	3	5	3	7	34977	34125	34871	662552
"1063"	"EPL"	23	371	"West_Ham_United"	2015	3	3	3	3	3	10	2	3	34977	34602	34910	663291
"1064"	"EPL"	23	371	"West_Ham_United"	2016	3	4	3	4	3	5	5	7	56996	56864	56971	1082464
"1065"	"EPL"	23	375	"Leicester_City"	2001	2	3	2	5	1	4	6	18	21886	15412	19835	376871
"1066"	"EPL"	23	375	"Leicester_City"	2003	4	4	4	5	2	4	5	10	32148	26674	30982	588674
"1067"	"EPL"	23	375	"Leicester_City"	2014	5	3	4	2	4	4	6	13	32021	31121	31692	602165
"1068"	"EPL"	23	375	"Leicester_City"	2015	4	3	4	3	5	11	1	2	32242	31733	32020	608393
"1069"	"EPL"	23	375	"Leicester_City"	2016	4	3	3	5	5	5	5	6	32072	31351	31893	605968
"1070"	"EPL"	23	336	"Stoke_City"	2008	3	2	2	5	2	4	3	9	27500	25287	26993	485888
"1071"	"EPL"	23	336	"Stoke_City"	2009	3	2	3	7	2	7	3	6	27604	25104	27162	516082
"1072"	"EPL"	23	336	"Stoke_City"	2010	4	3	4	3	3	4	4	4	27566	25019	26858	510303
"1073"	"EPL"	23	336	"Stoke_City"	2011	3	2	2	5	4	4	4	5	27789	26500	27225	517290
"1074"	"EPL"	23	336	"Stoke_City"	2012	3	2	2	4	3	9	3	7	27544	24421	26919	511467
"1075"	"EPL"	23	336	"Stoke_City"	2013	4	4	3	4	3	5	3	6	27429	24822	26137	496607
"1076"	"EPL"	23	336	"Stoke_City"	2014	6	2	5	3	3	3	3	3	27602	26332	27081	514547
"1077"	"EPL"	23	336	"Stoke_City"	2015	3	4	2	4	3	4	3	6	27833	26747	27534	523148
"1078"	"EPL"	23	336	"Stoke_City"	2016	3	3	2	4	3	5	4	5	27815	26602	27433	521230
"1079"	"EPL"	23	384	"Crystal_Palace"	2004	3	2	3	4	2	2	5	10	26193	20705	24108	458061
"1080"	"EPL"	23	384	"Crystal_Palace"	2013	3	3	3	3	5	5	7	7	25564	20050	24114	458169
"1081"	"EPL"	23	384	"Crystal_Palace"	2014	3	4	3	3	4	4	4	6	25197	23038	24421	464004
"1082"	"EPL"	23	384	"Crystal_Palace"	2015	5	3	4	4	2	4	5	13	25295	23528	24635	468083
"1083"	"EPL"	23	384	"Crystal_Palace"	2016	4	4	4	5	4	4	6	8	25648	23503	25160	478052
"1084"	"EPL"	23	318	"Swansea_City"	2011	4	3	3	4	3	4	4	4	20605	18985	19946	378978
"1085"	"EPL"	23	318	"Swansea_City"	2012	4	5	5	5	2	6	3	6	20650	19603	20370	387037
"1086"	"EPL"	23	318	"Swansea_City"	2013	4	3	4	3	2	3	3	8	20769	19242	20406	387725
"1087"	"EPL"	23	318	"Swansea_City"	2014	3	3	3	5	3	3	2	5	20828	20145	20554	390543
"1088"	"EPL"	23	318	"Swansea_City"	2015	3	4	3	4	2	4	3	6	20972	20044	20710	393508
"1089"	"EPL"	23	318	"Swansea_City"	2016	5	3	3	5	3	5	4	10	20938	20024	20619	391766
"1090"	"EPL"	23	379	"Burnley"	2009	4	4	3	5	2	2	4	12	21761	18397	20653	392423
"1091"	"EPL"	23	379	"Burnley"	2014	2	3	1	4	2	3	4	10	21335	16904	19130	363483
"1092"	"EPL"	23	379	"Burnley"	2016	4	2	3	4	2	3	3	7	21870	18519	20558	390609
"1093"	"EPL"	23	395	"Watford"	2006	4	2	2	4	1	3	3	13	19830	13760	18750	356258
"1094"	"EPL"	23	395	"Watford"	2015	3	3	3	4	4	4	4	5	21012	20011	20593	391281
"1095"	"EPL"	23	395	"Watford"	2016	3	4	2	5	2	4	6	6	21118	20022	20571	390849
"1096"	"EPL"	23	306	"Hull_City"	2008	2	3	3	5	4	6	6	11	24945	24282	24816	471507
"1097"	"EPL"	23	306	"Hull_City"	2009	3	2	2	5	1	3	5	8	25030	22822	24389	463406
"1098"	"EPL"	23	306	"Hull_City"	2013	6	4	6	3	2	3	4	5	24940	21949	24116	458217
"1099"	"EPL"	23	306	"Hull_City"	2014	2	3	2	3	2	3	4	10	24877	21275	23557	447584
"1100"	"EPL"	23	306	"Hull_City"	2016	4	2	2	6	2	2	6	9	24822	17403	20761	394466
"1101"	"EPL"	23	369	"Middlesbrough"	2001	5	2	4	4	2	6	4	5	34358	24189	28458	540719
"1102"	"EPL"	23	369	"Middlesbrough"	2002	5	3	4	3	3	8	3	6	34814	27443	31025	589480
"1103"	"EPL"	23	369	"Middlesbrough"	2003	5	3	3	4	2	5	2	5	34738	26721	30397	577556
"1104"	"EPL"	23	369	"Middlesbrough"	2004	4	4	4	2	3	8	2	7	34836	29603	32012	608236
"1105"	"EPL"	23	369	"Middlesbrough"	2005	4	3	3	7	2	4	2	12	31908	25971	28463	540799
"1106"	"EPL"	23	369	"Middlesbrough"	2006	5	3	4	4	3	3	2	6	32013	23638	27729	526866
"1107"	"EPL"	23	369	"Middlesbrough"	2007	8	2	7	3	2	5	4	9	33952	22920	26707	507450
"1108"	"EPL"	23	369	"Middlesbrough"	2008	3	2	2	5	1	4	3	13	33767	24020	28428	540144
"1109"	"EPL"	23	369	"Middlesbrough"	2016	3	2	3	4	1	2	3	16	32704	27316	30449	578539
"1110"	"EPL"	23	366	"Sunderland"	2001	2	3	3	5	2	2	3	6	48335	43011	46744	888136
"1111"	"EPL"	23	366	"Sunderland"	2002	2	2	2	4	1	3	15	20	47586	34102	39698	754267
"1112"	"EPL"	23	366	"Sunderland"	2005	2	2	2	3	1	3	8	19	44003	28226	33904	644180
"1113"	"EPL"	23	366	"Sunderland"	2007	3	3	2	6	3	3	3	8	47802	37369	43344	823540
"1114"	"EPL"	23	366	"Sunderland"	2008	4	4	4	5	2	3	4	7	47936	35222	40168	763198
"1115"	"EPL"	23	366	"Sunderland"	2009	5	3	4	5	2	4	2	13	47641	34821	40355	766748
"1116"	"EPL"	23	366	"Sunderland"	2010	4	3	3	5	2	7	4	9	47864	35101	40011	760209
"1117"	"EPL"	23	366	"Sunderland"	2011	4	4	4	4	3	4	2	8	47751	32296	39095	742813
"1118"	"EPL"	23	366	"Sunderland"	2012	3	3	3	5	2	5	3	9	47456	35628	40544	770344
"1119"	"EPL"	23	366	"Sunderland"	2013	4	4	4	4	4	5	6	8	46313	34745	41089	780706
"1120"	"EPL"	23	366	"Sunderland"	2014	3	3	2	8	2	4	3	7	47563	39077	43157	819985
"1121"	"EPL"	23	366	"Sunderland"	2015	3	4	3	4	2	5	5	9	47653	38852	43071	818351
"1122"	"EPL"	23	366	"Sunderland"	2016	3	4	4	4	2	2	3	10	46494	38394	41286	784450
